! lat[deg] lon[deg] depth[km] length[km] width[km] dip[deg] strike[deg] rake [deg] slip_amp[m]
-29.1034 -72.1727 10.8364 17.1800 11.2500 8.2585 11.2792 91.3021 11.7115
-29.1276 -72.0744 12.3971 17.1800 11.2500 9.6748 11.1419 91.5402 14.6021
-29.1517 -71.9761 14.2168 17.1800 11.2500 11.2599 11.0404 91.7783 20.3836
-29.1759 -71.8777 16.3437 17.1800 11.2500 13.0268 10.9771 92.0164 20.0826
-29.2000 -71.7794 18.7986 17.1800 11.2500 14.9475 10.9526 92.2545 12.0071
-29.2242 -71.6810 21.6174 17.1800 11.2500 16.9762 10.9617 92.4926 15.2510
-29.2483 -71.5827 24.8343 17.1800 11.2500 19.0356 10.9867 92.7307 10.2873
-29.2553 -71.4844 28.2934 17.1800 11.2500 20.9306 11.1984 92.6884 11.4557
-29.2725 -71.3860 32.1950 17.1800 11.2500 22.6823 11.3055 92.8142 9.3192
-29.2764 -71.2877 36.2822 17.1800 11.2500 24.0911 11.5437 92.7237 5.9049
-29.2966 -71.1893 40.7833 17.1800 11.2500 25.1773 11.5953 92.8976 3.1975
-29.2976 -71.0910 45.2525 17.1800 11.2500 25.7717 11.8328 92.7589 1.6564
-29.3188 -70.9927 50.0161 17.1800 11.2500 25.9079 11.8365 92.9488 0.0107
-29.3208 -70.8943 54.5440 17.1800 11.2500 25.5453 12.0308 92.8264 0.0062
-29.3400 -70.7960 59.1382 17.1800 11.2500 24.6946 12.0408 92.9840 0.0070
-29.3449 -70.6977 63.3623 17.1800 11.2500 23.4330 12.2114 92.9098 0.0059
-29.3612 -72.1990 11.2054 17.1800 11.2500 8.5876 9.0128 92.9742 10.2205
-29.3691 -72.1000 12.7755 17.1800 11.2500 10.0127 9.0094 94.0935 11.3917
-29.3824 -72.0010 14.6277 17.1800 11.2500 11.6301 8.9881 95.2162 17.6631
-29.3932 -71.9019 16.7719 17.1800 11.2500 13.4163 9.0151 95.5893 16.2162
-29.4035 -71.8029 19.2448 17.1800 11.2500 15.3486 9.0787 95.6012 13.6871
-29.4070 -71.7039 22.0397 17.1800 11.2500 17.3439 9.2288 95.5023 13.4428
-29.4174 -71.6049 25.2438 17.1800 11.2500 19.3719 9.3462 95.5149 9.9198
-29.4247 -71.5059 28.8007 17.1800 11.2500 21.2876 9.5055 95.4786 10.8419
-29.4252 -71.4068 32.6554 17.1800 11.2500 22.9667 9.7358 95.3311 11.2454
-29.4415 -71.3078 36.9479 17.1800 11.2500 24.3838 9.8177 95.4404 5.6505
-29.4434 -71.2088 41.3518 17.1800 11.2500 25.3622 10.0357 95.3157 2.9942
-29.4459 -71.1098 45.9155 17.1800 11.2500 25.8894 10.2426 95.2002 1.4441
-29.4616 -71.0108 50.6617 17.1800 11.2500 25.9501 10.3172 95.3002 0.2791
-29.4657 -70.9117 55.2553 17.1800 11.2500 25.5043 10.5086 95.2103 0.0072
-29.4671 -70.8127 59.6854 17.1800 11.2500 24.6162 10.7389 95.0776 0.0064
-29.4798 -70.7137 63.9914 17.1800 11.2500 23.2799 10.9040 95.1291 0.0069
-29.4883 -72.2253 11.1480 17.1800 11.2500 8.5341 7.9966 92.7556 10.1785
-29.4980 -72.1257 12.7232 17.1800 11.2500 9.9704 7.9999 93.8828 9.8483
-29.5095 -72.0261 14.5689 17.1800 11.2500 11.5913 8.0084 95.0110 17.3295
-29.5162 -71.9265 16.7054 17.1800 11.2500 13.3816 8.0664 96.1363 15.6532
-29.5307 -71.8269 19.2039 17.1800 11.2500 15.3482 8.0894 97.2663 11.7025
-29.5344 -71.7273 22.0202 17.1800 11.2500 17.3726 8.2045 97.6112 11.2174
-29.5518 -71.6277 25.2862 17.1800 11.2500 19.4546 8.2395 97.7374 9.4283
-29.5526 -71.5281 28.8435 17.1800 11.2500 21.3703 8.4075 97.5939 9.6692
-29.5593 -71.4284 32.7899 17.1800 11.2500 23.0878 8.5448 97.5454 13.1266
-29.5708 -71.3288 37.0845 17.1800 11.2500 24.4914 8.6490 97.5766 6.7887
-29.5730 -71.2292 41.5473 17.1800 11.2500 25.4622 8.8302 97.4553 4.1723
-29.5750 -71.1296 46.1590 17.1800 11.2500 25.9740 9.0183 97.3310 2.0586
-29.5890 -71.0300 50.9284 17.1800 11.2500 26.0118 9.1140 97.4026 0.4337
-29.5907 -70.9304 55.5464 17.1800 11.2500 25.5464 9.3288 97.2733 0.0080
-29.6064 -70.8308 60.1368 17.1800 11.2500 24.6071 9.4668 97.3722 0.0058
-29.6072 -70.7312 64.3682 17.1800 11.2500 23.2785 9.7871 97.2287 0.0062
-29.6222 -72.2594 10.9466 17.1800 11.2500 8.3609 7.0075 92.4542 8.5286
-29.6255 -72.1594 12.4812 17.1800 11.2500 9.7708 7.1026 93.5822 11.4753
-29.6379 -72.0593 14.3010 17.1800 11.2500 11.3831 7.1406 94.7157 15.4549
-29.6437 -71.9593 16.4031 17.1800 11.2500 13.1637 7.2210 95.8452 13.2283
-29.6536 -71.8593 18.8486 17.1800 11.2500 15.1163 7.2801 96.9773 12.2613
-29.6619 -71.7592 21.6573 17.1800 11.2500 17.1728 7.3572 98.1083 13.2044
-29.6693 -71.6592 24.8432 17.1800 11.2500 19.2458 7.4465 99.2388 10.1919
-29.6801 -71.5592 28.4382 17.1800 11.2500 21.2391 7.5239 99.7149 9.7438
-29.6850 -71.4591 32.3710 17.1800 11.2500 23.0002 7.6405 99.6384 12.8422
-29.7007 -71.3591 36.6926 17.1800 11.2500 24.4711 7.6993 99.7367 8.9341
-29.7119 -71.2591 41.2431 17.1800 11.2500 25.5088 7.7967 99.7609 5.5265
-29.7165 -71.1590 45.9104 17.1800 11.2500 26.0664 7.9430 99.6776 1.4377
-29.7255 -71.0590 50.6772 17.1800 11.2500 26.1299 8.0783 99.6673 0.0099
-29.7322 -70.9590 55.3862 17.1800 11.2500 25.6963 8.2576 99.6186 0.0079
-29.7391 -70.8589 59.9569 17.1800 11.2500 24.8058 8.4869 99.5736 0.0061
-29.7479 -70.7589 64.3157 17.1800 11.2500 23.5083 8.7883 99.5595 0.0058
-29.7527 -72.2990 10.6352 17.1800 11.2500 8.0956 6.1247 92.0887 9.7733
-29.7636 -72.1986 12.1417 17.1800 11.2500 9.4973 6.2316 93.2249 11.6100
-29.7663 -72.0983 13.8894 17.1800 11.2500 11.0599 6.3761 94.3560 15.2065
-29.7793 -71.9979 15.9559 17.1800 11.2500 12.8348 6.4573 95.4934 10.6081
-29.7798 -71.8976 18.3158 17.1800 11.2500 14.7468 6.5886 96.6232 12.3495
-29.7934 -71.7973 21.0820 17.1800 11.2500 16.8209 6.6507 97.7610 12.4191
-29.7950 -71.6969 24.1884 17.1800 11.2500 18.8984 6.7645 98.8914 10.4010
-29.8070 -71.5966 27.7333 17.1800 11.2500 20.9399 6.8332 100.0282 10.8542
-29.8206 -71.4962 31.6676 17.1800 11.2500 22.7940 6.9003 101.1660 11.6885
-29.8342 -71.3959 35.9468 17.1800 11.2500 24.3358 6.9722 101.9651 8.6965
-29.8478 -71.2955 40.5036 17.1800 11.2500 25.4680 7.0516 102.0283 5.1632
-29.8614 -71.1952 45.2473 17.1800 11.2500 26.1252 7.1504 102.0916 2.2931
-29.8652 -71.0948 50.0089 17.1800 11.2500 26.2719 7.3115 101.9959 0.0128
-29.8750 -70.9945 54.7900 17.1800 11.2500 25.9297 7.4877 101.9969 0.0100
-29.8774 -70.8942 59.3976 17.1800 11.2500 25.1276 7.7512 101.8786 0.0080
-29.8886 -70.7938 63.8558 17.1800 11.2500 23.9169 8.0827 101.9023 0.0053
-29.8896 -72.3286 10.4546 17.1800 11.2500 7.9640 5.3433 91.8388 6.5947
-29.9018 -72.2281 11.9396 17.1800 11.2500 9.3599 5.4912 92.9777 11.1265
-29.9022 -72.1276 13.6597 17.1800 11.2500 10.9077 5.6863 94.1094 14.1454
-29.9140 -72.0271 15.6933 17.1800 11.2500 12.6667 5.8181 95.2481 10.8218
-29.9157 -71.9265 18.0335 17.1800 11.2500 14.5764 5.9727 96.3807 10.8228
-29.9262 -71.8260 20.7573 17.1800 11.2500 16.6388 6.0764 97.5185 11.3355
-29.9384 -71.7255 23.8756 17.1800 11.2500 18.7594 6.1623 98.6575 11.6701
-29.9506 -71.6250 27.3947 17.1800 11.2500 20.8246 6.2429 99.7964 10.6088
-29.9627 -71.5245 31.3048 17.1800 11.2500 22.7080 6.3267 100.9353 10.0743
-29.9749 -71.4239 35.5587 17.1800 11.2500 24.2946 6.4151 102.0743 8.6329
-29.9871 -71.3234 40.1070 17.1800 11.2500 25.4735 6.5160 103.2132 2.8890
-29.9993 -71.2229 44.8495 17.1800 11.2500 26.1904 6.6339 104.3522 2.0083
-30.0115 -71.1224 49.6912 17.1800 11.2500 26.4063 6.7854 104.4187 0.0134
-30.0188 -71.0218 54.4930 17.1800 11.2500 26.1266 6.9957 104.3789 0.0113
-30.0237 -70.9213 59.1704 17.1800 11.2500 25.3914 7.2812 104.3009 0.0082
-30.0299 -70.8208 63.6594 17.1800 11.2500 24.2588 7.6716 104.2431 0.0071
-30.0359 -72.3543 10.3044 17.1800 11.2500 7.8731 4.7096 91.6397 0.0802
-30.0410 -72.2536 11.7622 17.1800 11.2500 9.2563 4.9012 92.7757 2.4492
-30.0481 -72.1530 13.4779 17.1800 11.2500 10.8159 5.0837 93.9129 11.1813
-30.0521 -72.0523 15.4760 17.1800 11.2500 12.5526 5.2652 95.0483 8.9626
-30.0632 -71.9517 17.8179 17.1800 11.2500 14.4838 5.4055 96.1880 10.1788
-30.0742 -71.8510 20.5249 17.1800 11.2500 16.5538 5.5276 97.3277 10.8165
-30.0853 -71.7504 23.6231 17.1800 11.2500 18.6860 5.6362 98.4674 11.2730
-30.0964 -71.6497 27.1249 17.1800 11.2500 20.7727 5.7378 99.6071 9.9814
-30.1075 -71.5491 31.0196 17.1800 11.2500 22.6884 5.8395 100.7468 8.5818
-30.1186 -71.4484 35.2706 17.1800 11.2500 24.3109 5.9484 101.8865 4.8547
-30.1297 -71.3478 39.8150 17.1800 11.2500 25.5396 6.0714 103.0262 3.3915
-30.1408 -71.2471 44.5695 17.1800 11.2500 26.3041 6.2180 104.1659 0.2320
-30.1519 -71.1465 49.4332 17.1800 11.2500 26.5742 6.3997 105.3055 0.0158
-30.1630 -71.0458 54.3005 17.1800 11.2500 26.3563 6.6342 106.4452 0.0142
-30.1725 -70.9452 59.0624 17.1800 11.2500 25.6848 6.9518 106.7587 0.0100
-30.1741 -70.8445 63.5884 17.1800 11.2500 24.6179 7.3965 106.6255 0.0104
-30.1827 -72.3768 10.1888 17.1800 11.2500 7.8090 4.3128 91.4761 0.0750
-30.1852 -72.2761 11.6294 17.1800 11.2500 9.1905 4.4764 92.6116 0.0419
-30.1928 -72.1753 13.3353 17.1800 11.2500 10.7545 4.6307 93.7503 0.0295
-30.2030 -72.0746 15.3375 17.1800 11.2500 12.5082 4.7737 94.8905 3.8457
-30.2131 -71.9738 17.6687 17.1800 11.2500 14.4395 4.9061 96.0308 9.8288
-30.2233 -71.8731 20.3643 17.1800 11.2500 16.5111 5.0260 97.1710 11.6077
-30.2335 -71.7723 23.4458 17.1800 11.2500 18.6490 5.1379 98.3112 15.1582
-30.2436 -71.6716 26.9371 17.1800 11.2500 20.7504 5.2456 99.4515 12.4583
-30.2538 -71.5708 30.8228 17.1800 11.2500 22.6900 5.3575 100.5917 7.6922
-30.2639 -71.4701 35.0710 17.1800 11.2500 24.3443 5.4808 101.7320 6.6206
-30.2741 -71.3693 39.6153 17.1800 11.2500 25.6149 5.6222 102.8722 5.9291
-30.2842 -71.2686 44.3823 17.1800 11.2500 26.4250 5.7942 104.0124 2.0513
-30.2944 -71.1678 49.2691 17.1800 11.2500 26.7454 6.0087 105.1527 1.2988
-30.3045 -71.0671 54.1708 17.1800 11.2500 26.5827 6.2819 106.2929 0.0151
-30.3147 -70.9663 58.9897 17.1800 11.2500 25.9744 6.6422 107.4331 0.0141
-30.3248 -70.8656 63.6381 17.1800 11.2500 24.9845 7.1249 108.5734 0.0148
-30.3264 -72.3967 10.0834 17.1800 11.2500 7.7422 4.1545 91.3406 0.0629
-30.3358 -72.2959 11.5240 17.1800 11.2500 9.1405 4.2293 92.4812 0.0417
-30.3451 -72.1950 13.2217 17.1800 11.2500 10.7108 4.3139 93.6218 5.2664
-30.3545 -72.0942 15.2138 17.1800 11.2500 12.4675 4.3976 94.7624 9.3677
-30.3638 -71.9934 17.5325 17.1800 11.2500 14.4016 4.4837 95.9030 11.7788
-30.3732 -71.8926 20.2161 17.1800 11.2500 16.4806 4.5665 97.0437 16.4758
-30.3825 -71.7917 23.2941 17.1800 11.2500 18.6336 4.6491 98.1843 16.9948
-30.3919 -71.6909 26.7752 17.1800 11.2500 20.7559 4.7396 99.3249 14.9998
-30.4013 -71.5901 30.6602 17.1800 11.2500 22.7247 4.8412 100.4655 11.0588
-30.4106 -71.4892 34.9116 17.1800 11.2500 24.4151 4.9623 101.6061 7.8994
-30.4200 -71.3884 39.4677 17.1800 11.2500 25.7260 5.1106 102.7467 8.4925
-30.4293 -71.2876 44.2557 17.1800 11.2500 26.5810 5.2967 103.8874 5.7932
-30.4387 -71.1868 49.1699 17.1800 11.2500 26.9524 5.5308 105.0280 5.4096
-30.4480 -71.0859 54.1144 17.1800 11.2500 26.8407 5.8349 106.1686 2.6720
-30.4574 -70.9851 58.9844 17.1800 11.2500 26.2901 6.2267 107.3092 0.3767
-30.4668 -70.8843 63.6962 17.1800 11.2500 25.3630 6.7410 108.4498 0.0165
-30.4801 -72.4199 9.9551 17.1800 11.2500 7.6293 4.1801 91.1735 0.0508
-30.4885 -72.3190 11.3727 17.1800 11.2500 9.0189 4.1566 92.3144 1.1027
-30.4969 -72.2181 13.0466 17.1800 11.2500 10.5808 4.1424 93.4554 7.8827
-30.5052 -72.1172 15.0089 17.1800 11.2500 12.3261 4.1422 94.5964 10.9142
-30.5136 -72.0163 17.2972 17.1800 11.2500 14.2528 4.1509 95.7374 14.5352
-30.5220 -71.9153 19.9485 17.1800 11.2500 16.3311 4.1674 96.8784 17.5420
-30.5304 -71.8144 22.9923 17.1800 11.2500 18.4942 4.1959 98.0194 16.1723
-30.5388 -71.7135 26.4469 17.1800 11.2500 20.6421 4.2399 99.1603 16.3583
-30.5472 -71.6126 30.3021 17.1800 11.2500 22.6519 4.3101 100.3013 14.3519
-30.5555 -71.5117 34.5352 17.1800 11.2500 24.3993 4.4073 101.4423 10.4898
-30.5639 -71.4108 39.0869 17.1800 11.2500 25.7771 4.5406 102.5833 8.8150
-30.5723 -71.3099 43.8833 17.1800 11.2500 26.7086 4.7172 103.7243 8.6647
-30.5807 -71.2090 48.8280 17.1800 11.2500 27.1568 4.9502 104.8653 8.5221
-30.5891 -71.1080 53.8151 17.1800 11.2500 27.1263 5.2554 106.0062 8.5362
-30.5975 -71.0071 58.7466 17.1800 11.2500 26.6542 5.6529 107.1472 2.2474
-30.6058 -70.9062 63.5353 17.1800 11.2500 25.8038 6.1673 108.2882 0.0194
-30.6337 -72.4448 9.8048 17.1800 11.2500 7.4730 4.3171 90.9876 0.0457
-30.6410 -72.3438 11.1909 17.1800 11.2500 8.8418 4.2057 92.1288 2.0990
-30.6484 -72.2428 12.8297 17.1800 11.2500 10.3824 4.0988 93.2701 10.0757
-30.6557 -72.1418 14.7541 17.1800 11.2500 12.1082 4.0024 94.4113 11.1979
-30.6630 -72.0408 16.9989 17.1800 11.2500 14.0184 3.9241 95.5526 14.2728
-30.6703 -71.9398 19.6042 17.1800 11.2500 16.0893 3.8592 96.6939 19.0646
-30.6776 -71.8388 22.5984 17.1800 11.2500 18.2584 3.8181 97.8351 16.0698
-30.6849 -71.7378 26.0021 17.1800 11.2500 20.4310 3.8026 98.9764 19.3499
-30.6923 -71.6368 29.8157 17.1800 11.2500 22.4872 3.8174 100.1177 17.2872
-30.6996 -71.5358 34.0153 17.1800 11.2500 24.3013 3.8678 101.2589 15.4290
-30.7069 -71.4348 38.5503 17.1800 11.2500 25.7604 3.9594 102.4002 10.0748
-30.7142 -71.3338 43.3451 17.1800 11.2500 26.7842 4.1004 103.5414 8.9147
-30.7215 -71.2328 48.3032 17.1800 11.2500 27.3310 4.3036 104.6827 9.1035
-30.7289 -71.1319 53.3315 17.1800 11.2500 27.3975 4.5752 105.8240 9.5610
-30.7362 -71.0309 58.3200 17.1800 11.2500 27.0182 4.9396 106.9652 8.5993
-30.7435 -70.9299 63.1891 17.1800 11.2500 26.2537 5.4112 108.1065 2.0121
-30.7876 -72.4551 9.8479 17.1800 11.2500 7.4953 4.4491 90.9660 0.0387
-30.7940 -72.3540 11.2343 17.1800 11.2500 8.8589 4.2817 92.1074 3.5001
-30.8005 -72.2530 12.8713 17.1800 11.2500 10.3944 4.1112 93.2487 9.9963
-30.8070 -72.1519 14.7922 17.1800 11.2500 12.1162 3.9460 94.3901 10.9851
-30.8135 -72.0509 17.0341 17.1800 11.2500 14.0260 3.7921 95.5315 16.7380
-30.8199 -71.9498 19.6343 17.1800 11.2500 16.0996 3.6558 96.6729 18.7996
-30.8264 -71.8488 22.6264 17.1800 11.2500 18.2779 3.5433 97.8143 16.7581
-30.8329 -71.7477 26.0300 17.1800 11.2500 20.4657 3.4588 98.9557 23.0058
-30.8394 -71.6467 29.8464 17.1800 11.2500 22.5433 3.4082 100.0971 15.0172
-30.8459 -71.5456 34.0532 17.1800 11.2500 24.3847 3.3962 101.2385 13.3818
-30.8523 -71.4446 38.6008 17.1800 11.2500 25.8767 3.4286 102.3799 10.1897
-30.8588 -71.3435 43.4157 17.1800 11.2500 26.9367 3.5104 103.5213 9.9320
-30.8653 -71.2425 48.4036 17.1800 11.2500 27.5217 3.6544 104.6627 11.4330
-30.8718 -71.1414 53.4670 17.1800 11.2500 27.6286 3.8637 105.8041 9.2998
-30.8782 -71.0404 58.5016 17.1800 11.2500 27.2892 4.1604 106.9455 11.1081
-30.8847 -70.9393 63.4233 17.1800 11.2500 26.5637 4.5486 108.0868 4.1162
-30.9414 -72.4617 9.9442 17.1800 11.2500 7.5640 4.5124 90.9858 0.3891
-30.9471 -72.3606 11.3395 17.1800 11.2500 8.9235 4.3353 92.1272 4.2892
-30.9528 -72.2595 12.9845 17.1800 11.2500 10.4546 4.1413 93.2687 8.5050
-30.9585 -72.1584 14.9129 17.1800 11.2500 12.1725 3.9392 94.4101 14.4574
-30.9642 -72.0573 17.1608 17.1800 11.2500 14.0787 3.7376 95.5516 19.2588
-30.9699 -71.9562 19.7658 17.1800 11.2500 16.1496 3.5445 96.6930 19.2385
-30.9756 -71.8551 22.7599 17.1800 11.2500 18.3270 3.3690 97.8345 20.4272
-30.9813 -71.7540 26.1658 17.1800 11.2500 20.5178 3.2148 98.9759 16.5255
-30.9870 -71.6529 29.9848 17.1800 11.2500 22.6039 3.0911 100.1173 13.6560
-30.9927 -71.5518 34.1962 17.1800 11.2500 24.4597 3.0023 101.2588 15.7805
-30.9984 -71.4507 38.7524 17.1800 11.2500 25.9725 2.9537 102.4002 11.1438
-31.0041 -71.3496 43.5806 17.1800 11.2500 27.0573 2.9513 103.5129 11.7963
-31.0098 -71.2485 48.5896 17.1800 11.2500 27.6687 3.0003 104.6144 13.8421
-31.0155 -71.1474 53.6780 17.1800 11.2500 27.8041 3.1092 105.7158 8.5077
-31.0212 -71.0463 58.7461 17.1800 11.2500 27.4945 3.2865 106.8172 10.2557
-31.0269 -70.9452 63.7046 17.1800 11.2500 26.7973 3.5422 107.9186 6.4571
-31.0955 -72.4738 9.9718 17.1800 11.2500 7.5690 4.5003 90.2728 0.2399
-31.1006 -72.3727 11.3652 17.1800 11.2500 8.9129 4.3593 91.3786 4.7735
-31.1056 -72.2716 13.0040 17.1800 11.2500 10.4254 4.1826 92.4843 7.8233
-31.1107 -72.1704 14.9219 17.1800 11.2500 12.1220 3.9793 93.5901 14.5945
-31.1158 -72.0693 17.1551 17.1800 11.2500 14.0056 3.7575 94.6958 18.0295
-31.1209 -71.9682 19.7409 17.1800 11.2500 16.0549 3.5260 95.8016 19.3193
-31.1259 -71.8670 22.7120 17.1800 11.2500 18.2150 3.2939 96.9074 17.6957
-31.1310 -71.7659 26.0912 17.1800 11.2500 20.3960 3.0667 98.0131 13.4710
-31.1361 -71.6648 29.8809 17.1800 11.2500 22.4851 2.8605 99.1189 12.0602
-31.1412 -71.5636 34.0632 17.1800 11.2500 24.3584 2.6825 100.2247 17.3014
-31.1462 -71.4625 38.5945 17.1800 11.2500 25.9018 2.5287 101.3304 14.7959
-31.1513 -71.3614 43.4044 17.1800 11.2500 27.0308 2.4122 102.4362 11.9540
-31.1564 -71.2602 48.4042 17.1800 11.2500 27.6962 2.3330 103.5419 13.9573
-31.1615 -71.1591 53.4956 17.1800 11.2500 27.8901 2.2972 104.6477 8.2937
-31.1665 -71.0580 58.5796 17.1800 11.2500 27.6386 2.3095 105.7535 8.9469
-31.1716 -70.9568 63.5661 17.1800 11.2500 26.9943 2.3796 106.8592 6.9674
-31.2497 -72.4925 9.9119 17.1800 11.2500 7.5024 4.4099 90.7401 1.9650
-31.2544 -72.3913 11.2899 17.1800 11.2500 8.8207 4.3383 91.0551 4.1091
-31.2590 -72.2901 12.9084 17.1800 11.2500 10.3007 4.2140 91.3701 8.6545
-31.2637 -72.1890 14.7986 17.1800 11.2500 11.9582 4.0394 92.3999 14.8364
-31.2683 -72.0878 16.9961 17.1800 11.2500 13.7985 3.8205 93.5086 17.4551
-31.2730 -71.9867 19.5361 17.1800 11.2500 15.8057 3.5674 94.6173 20.0137
-31.2776 -71.8855 22.4541 17.1800 11.2500 17.9281 3.2871 95.7260 14.1318
-31.2823 -71.7844 25.7708 17.1800 11.2500 20.0870 2.9958 96.8348 13.0784
-31.2869 -71.6832 29.4945 17.1800 11.2500 22.1726 2.7033 97.9435 12.0806
-31.2916 -71.5821 33.6104 17.1800 11.2500 24.0655 2.4217 99.0522 15.9461
-31.2962 -71.4809 38.0781 17.1800 11.2500 25.6503 2.1489 100.1609 15.6923
-31.3009 -71.3798 42.8339 17.1800 11.2500 26.8407 1.8983 101.2696 15.1075
-31.3055 -71.2786 47.7923 17.1800 11.2500 27.5814 1.6680 102.3783 13.9733
-31.3102 -71.1775 52.8593 17.1800 11.2500 27.8576 1.4675 103.4871 8.6994
-31.3148 -71.0763 57.9356 17.1800 11.2500 27.6888 1.2898 104.5958 7.9082
-31.3195 -70.9752 62.9299 17.1800 11.2500 27.1238 1.1232 105.7045 9.6280
-31.4039 -72.5111 9.8510 17.1800 11.2500 7.4537 4.2191 91.3835 2.0799
-31.4082 -72.4099 11.2158 17.1800 11.2500 8.7489 4.2326 91.6967 3.3318
-31.4124 -72.3087 12.8144 17.1800 11.2500 10.1967 4.1774 92.0098 8.1970
-31.4166 -72.2076 14.6795 17.1800 11.2500 11.8115 4.0553 92.3230 11.8797
-31.4208 -72.1064 16.8411 17.1800 11.2500 13.6008 3.8609 92.6361 15.5299
-31.4251 -72.0052 19.3362 17.1800 11.2500 15.5503 3.6026 93.4329 17.1149
-31.4293 -71.9040 22.1951 17.1800 11.2500 17.6212 3.2915 94.5446 11.3226
-31.4335 -71.8029 25.4430 17.1800 11.2500 19.7376 2.9407 95.6562 12.6807
-31.4378 -71.7017 29.0889 17.1800 11.2500 21.8009 2.5670 96.7679 12.4629
-31.4420 -71.6005 33.1221 17.1800 11.2500 23.6946 2.1816 97.8795 16.1636
-31.4462 -71.4994 37.5090 17.1800 11.2500 25.3065 1.7945 98.9912 14.7400
-31.4504 -71.3982 42.1899 17.1800 11.2500 26.5449 1.4116 100.1028 16.0464
-31.4547 -71.2970 47.0835 17.1800 11.2500 27.3507 1.0344 101.2145 13.9181
-31.4589 -71.1958 52.0996 17.1800 11.2500 27.7028 0.6671 102.3261 10.2659
-31.4631 -71.0947 57.1401 17.1800 11.2500 27.6142 38.6494 103.4378 9.6469
-31.4673 -70.9935 62.1167 17.1800 11.2500 27.1264 124.7781 104.5494 10.2580
-31.5582 -72.5297 9.7830 17.1800 11.2500 7.4171 3.9151 92.0269 2.2085
-31.5620 -72.4285 11.1369 17.1800 11.2500 8.6944 4.0075 92.3382 2.9551
-31.5658 -72.3273 12.7223 17.1800 11.2500 10.1133 4.0294 92.6495 7.6189
-31.5696 -72.2261 14.5676 17.1800 11.2500 11.6847 3.9692 92.9607 11.3835
-31.5734 -72.1250 16.6996 17.1800 11.2500 13.4165 3.8138 93.2720 13.8630
-31.5772 -72.0238 19.1508 17.1800 11.2500 15.3029 3.5677 93.5833 16.7894
-31.5810 -71.9226 21.9545 17.1800 11.2500 17.3024 3.2420 93.8946 13.0871
-31.5848 -71.8214 25.1318 17.1800 11.2500 19.3503 2.8483 94.4775 13.9651
-31.5886 -71.7202 28.6935 17.1800 11.2500 21.3639 2.4094 95.5921 13.1957
-31.5924 -71.6190 32.6332 17.1800 11.2500 23.2336 1.9427 96.7067 13.1527
-31.5962 -71.5178 36.9185 17.1800 11.2500 24.8474 1.4549 97.8212 13.0440
-31.6000 -71.4166 41.4991 17.1800 11.2500 26.1183 0.9606 98.9358 19.4289
-31.6038 -71.3154 46.3004 17.1800 11.2500 26.9805 0.4618 100.0504 16.0411
-31.6076 -71.2143 51.2357 17.1800 11.2500 27.4051 311.9674 101.1649 10.9361
-31.6114 -71.1131 56.2098 17.1800 11.2500 27.3977 359.4419 102.2795 12.8483
-31.6152 -71.0119 61.1415 17.1800 11.2500 26.9927 358.9207 103.3941 10.8946
-31.7124 -72.5483 9.6931 17.1800 11.2500 7.3792 3.4794 92.6703 2.0424
-31.7158 -72.4471 11.0388 17.1800 11.2500 8.6440 3.6404 92.9797 3.1538
-31.7192 -72.3459 12.6120 17.1800 11.2500 10.0371 3.7323 93.2891 6.3115
-31.7225 -72.2447 14.4361 17.1800 11.2500 11.5681 3.7325 93.5985 10.3443
-31.7259 -72.1435 16.5402 17.1800 11.2500 13.2414 3.6291 93.9079 14.2795
-31.7293 -72.0423 18.9516 17.1800 11.2500 15.0518 3.4150 94.2173 14.9427
-31.7327 -71.9411 21.6984 17.1800 11.2500 16.9736 3.0973 94.5267 14.7602
-31.7360 -71.8399 24.8032 17.1800 11.2500 18.9487 2.6916 94.8361 15.2791
-31.7394 -71.7387 28.2759 17.1800 11.2500 20.8959 2.2163 95.1455 14.8893
-31.7428 -71.6375 32.1143 17.1800 11.2500 22.7252 1.6955 95.5336 15.2327
-31.7462 -71.5363 36.2891 17.1800 11.2500 24.3273 1.1419 96.6511 13.5674
-31.7495 -71.4351 40.7571 17.1800 11.2500 25.6166 0.5712 97.7685 18.8748
-31.7529 -71.3339 45.4499 17.1800 11.2500 26.5239 136.9496 98.8860 16.0724
-31.7563 -71.2327 50.2865 17.1800 11.2500 27.0137 359.3964 100.0035 14.3296
-31.7597 -71.1315 55.1759 17.1800 11.2500 27.0837 358.7877 101.1209 14.0374
-31.7631 -71.0303 60.0401 17.1800 11.2500 26.7607 358.1634 102.2384 12.3528
-31.8666 -72.5670 9.5939 17.1800 11.2500 7.3391 2.9276 93.3137 2.1634
-31.8696 -72.4658 10.9313 17.1800 11.2500 8.5976 3.1301 93.6212 2.9208
-31.8725 -72.3645 12.4914 17.1800 11.2500 9.9700 3.2740 93.9287 5.8925
-31.8755 -72.2633 14.2963 17.1800 11.2500 11.4630 3.3317 94.2362 10.7010
-31.8784 -72.1621 16.3736 17.1800 11.2500 13.0782 3.2866 94.5438 16.1659
-31.8814 -72.0609 18.7440 17.1800 11.2500 14.8155 3.1212 94.8513 19.3050
-31.8843 -71.9597 21.4347 17.1800 11.2500 16.6492 2.8405 95.1588 15.7575
-31.8873 -71.8585 24.4647 17.1800 11.2500 18.5349 2.4554 95.4663 16.0928
-31.8902 -71.7572 27.8465 17.1800 11.2500 20.4123 1.9847 95.7738 15.8027
-31.8932 -71.6560 31.5758 17.1800 11.2500 22.1864 1.4522 96.0813 19.1852
-31.8961 -71.5548 35.6347 17.1800 11.2500 23.7694 0.8787 96.3888 16.0935
-31.8991 -71.4536 39.9820 17.1800 11.2500 25.0705 0.2803 96.6963 20.5226
-31.9021 -71.3524 44.5573 17.1800 11.2500 26.0191 359.6673 97.7214 16.2158
-31.9050 -71.2512 49.2859 17.1800 11.2500 26.5728 359.0435 98.8417 15.4660
-31.9080 -71.1499 54.0848 17.1800 11.2500 26.7201 358.4068 99.9621 12.9786
-31.9109 -71.0487 58.8695 17.1800 11.2500 26.4782 357.7515 101.0824 11.1001
-32.0209 -72.5848 9.4807 17.1800 11.2500 7.2899 2.3390 93.9596 2.0154
-32.0235 -72.4836 10.8063 17.1800 11.2500 8.5459 2.5503 94.2655 2.8320
-32.0261 -72.3824 12.3547 17.1800 11.2500 9.9052 2.7209 94.5713 7.0851
-32.0287 -72.2812 14.1451 17.1800 11.2500 11.3676 2.8216 94.8772 15.9954
-32.0312 -72.1799 16.1980 17.1800 11.2500 12.9339 2.8269 95.1831 20.3091
-32.0338 -72.0787 18.5345 17.1800 11.2500 14.6002 2.7199 95.4890 25.3151
-32.0364 -71.9775 21.1755 17.1800 11.2500 16.3542 2.4935 95.7948 21.1481
-32.0390 -71.8762 24.1395 17.1800 11.2500 18.1544 2.1590 96.1007 22.9125
-32.0416 -71.7750 27.4367 17.1800 11.2500 19.9485 1.7314 96.4066 17.8153
-32.0441 -71.6738 31.0652 17.1800 11.2500 21.6605 1.2338 96.7124 23.8623
-32.0467 -71.5726 35.0109 17.1800 11.2500 23.2093 0.6870 97.0183 19.2008
-32.0493 -71.4713 39.2385 17.1800 11.2500 24.5081 201.5653 97.3242 17.1100
-32.0519 -71.3701 43.6945 17.1800 11.2500 25.4857 359.5199 97.6300 14.9853
-32.0545 -71.2689 48.3103 17.1800 11.2500 26.0940 358.9210 97.9359 16.7679
-32.0571 -71.1677 53.0095 17.1800 11.2500 26.3134 358.3140 98.8062 14.1033
-32.0596 -71.0664 57.7140 17.1800 11.2500 26.1531 357.6932 99.9290 14.8151
-32.1756 -72.5966 9.4150 17.1800 11.2500 7.2853 1.8532 94.6252 2.9429
-32.1783 -72.4953 10.7389 17.1800 11.2500 8.5500 2.0391 94.9313 5.5823
-32.1809 -72.3941 12.2864 17.1800 11.2500 9.9084 2.2014 95.2375 8.0799
-32.1835 -72.2929 14.0740 17.1800 11.2500 11.3545 2.3126 95.5436 18.8341
-32.1862 -72.1917 16.1186 17.1800 11.2500 12.8867 2.3456 95.8497 23.7212
-32.1888 -72.0904 18.4391 17.1800 11.2500 14.4992 2.2815 96.1559 24.7706
-32.1915 -71.9892 21.0523 17.1800 11.2500 16.1792 2.1115 96.4620 21.5609
-32.1941 -71.8880 23.9725 17.1800 11.2500 17.8978 1.8395 96.7682 22.5449
-32.1967 -71.7868 27.2095 17.1800 11.2500 19.6133 1.4759 97.0743 19.0802
-32.1994 -71.6855 30.7630 17.1800 11.2500 21.2601 1.0416 97.3804 22.5624
-32.2020 -71.5843 34.6190 17.1800 11.2500 22.7616 0.5595 97.6866 23.4438
-32.2047 -71.4831 38.7476 17.1800 11.2500 24.0394 121.8990 97.9927 17.1442
-32.2073 -71.3819 43.1017 17.1800 11.2500 25.0232 359.5246 98.2989 14.3655
-32.2100 -71.2806 47.6191 17.1800 11.2500 25.6615 358.9964 98.6050 15.4972
-32.2126 -71.1794 52.2238 17.1800 11.2500 25.9285 358.4715 98.9111 15.5706
-32.2152 -71.0782 56.8485 17.1800 11.2500 25.8249 357.9360 99.2173 15.3054
-32.3303 -72.6083 9.3417 17.1800 11.2500 7.2594 1.6063 95.2908 4.1715
-32.3330 -72.5071 10.6583 17.1800 11.2500 8.5315 1.7391 95.5972 4.7861
-32.3357 -72.4058 12.1994 17.1800 11.2500 9.8907 1.8610 95.9036 8.8071
-32.3384 -72.3046 13.9790 17.1800 11.2500 11.3253 1.9515 96.2100 15.8880
-32.3411 -72.2034 16.0123 17.1800 11.2500 12.8293 1.9856 96.5164 20.1651
-32.3438 -72.1022 18.3140 17.1800 11.2500 14.3967 1.9439 96.8228 23.7090
-32.3465 -72.0009 20.8981 17.1800 11.2500 16.0173 1.8161 97.1292 21.9270
-32.3492 -71.8997 23.7771 17.1800 11.2500 17.6701 1.6014 97.4356 18.2990
-32.3519 -71.7985 26.9601 17.1800 11.2500 19.3181 1.3092 97.7420 20.9486
-32.3546 -71.6973 30.4459 17.1800 11.2500 20.9071 0.9552 98.0484 20.7627
-32.3573 -71.5960 34.2230 17.1800 11.2500 22.3693 0.5583 98.3549 31.2337
-32.3600 -71.4948 38.2654 17.1800 11.2500 23.6314 37.4328 98.6613 20.7044
-32.3627 -71.3936 42.5321 17.1800 11.2500 24.6248 359.7047 98.9677 15.1173
-32.3654 -71.2924 46.9629 17.1800 11.2500 25.2945 359.2780 99.2741 15.9040
-32.3682 -71.1911 51.4951 17.1800 11.2500 25.6089 358.8528 99.5805 17.1719
-32.3709 -71.0899 56.0509 17.1800 11.2500 25.5619 358.4366 99.8869 12.7600
-32.4850 -72.6200 9.2663 17.1800 11.2500 7.2129 1.7410 95.9563 5.2893
-32.4878 -72.5188 10.5748 17.1800 11.2500 8.4916 1.7851 96.2630 4.6799
-32.4905 -72.4176 12.1059 17.1800 11.2500 9.8512 1.8392 96.5697 7.0972
-32.4933 -72.3163 13.8758 17.1800 11.2500 11.2782 1.8718 96.8764 14.2261
-32.4961 -72.2151 15.8968 17.1800 11.2500 12.7619 1.8672 97.1830 19.0697
-32.4988 -72.1139 18.1805 17.1800 11.2500 14.2954 1.8121 97.4897 21.0041
-32.5016 -72.0127 20.7386 17.1800 11.2500 15.8698 1.6961 97.7964 21.8915
-32.5043 -71.9115 23.5815 17.1800 11.2500 17.4692 1.5170 98.1031 27.4876
-32.5071 -71.8102 26.7156 17.1800 11.2500 19.0623 1.2805 98.4098 23.6837
-32.5099 -71.7090 30.1416 17.1800 11.2500 20.6052 0.9977 98.7165 20.7677
-32.5126 -71.6078 33.8501 17.1800 11.2500 22.0371 0.6840 99.0231 27.7438
-32.5154 -71.5066 37.8185 17.1800 11.2500 23.2898 0.3545 99.3298 23.8627
-32.5182 -71.4053 42.0094 17.1800 11.2500 24.2963 190.7473 99.6365 15.9760
-32.5209 -71.3041 46.3718 17.1800 11.2500 25.0004 359.6973 99.9432 14.2164
-32.5237 -71.2029 50.8402 17.1800 11.2500 25.3643 359.3877 100.2499 17.7645
-32.5265 -71.1017 55.3465 17.1800 11.2500 25.3745 359.0901 100.5565 12.1443
-32.6397 -72.6317 9.2033 17.1800 11.2500 7.1582 2.3297 96.6219 4.9339
-32.6425 -72.5305 10.4995 17.1800 11.2500 8.4367 2.2752 96.9289 5.6059
-32.6453 -72.4293 12.0198 17.1800 11.2500 9.7944 2.2223 97.2358 7.2417
-32.6482 -72.3281 13.7764 17.1800 11.2500 11.2131 2.1659 97.5428 13.1266
-32.6510 -72.2269 15.7816 17.1800 11.2500 12.6802 2.0887 97.8497 21.4952
-32.6538 -72.1256 18.0455 17.1800 11.2500 14.1878 1.9836 98.1567 17.1773
-32.6566 -72.0244 20.5777 17.1800 11.2500 15.7281 1.8414 98.4636 27.4411
-32.6595 -71.9232 23.3872 17.1800 11.2500 17.2881 1.6615 98.7706 32.7414
-32.6623 -71.8220 26.4799 17.1800 11.2500 18.8434 1.4485 99.0775 27.0805
-32.6651 -71.7208 29.8559 17.1800 11.2500 20.3529 1.2129 99.3845 28.4574
-32.6679 -71.6195 33.5096 17.1800 11.2500 21.7668 0.9607 99.6914 25.8543
-32.6708 -71.5183 37.4172 17.1800 11.2500 23.0155 0.7127 99.9984 19.9465
-32.6736 -71.4171 41.5489 17.1800 11.2500 24.0379 0.4694 100.3053 13.5191
-32.6764 -71.3159 45.8556 17.1800 11.2500 24.7749 0.2412 100.6123 12.9845
-32.6792 -71.2146 50.2774 17.1800 11.2500 25.1851 149.4750 100.9192 14.3369
-32.6821 -71.1134 54.7465 17.1800 11.2500 25.2484 359.8436 101.2262 11.8477
-32.7944 -72.6435 9.1687 17.1800 11.2500 7.1106 3.4093 97.2875 6.0437
-32.7973 -72.5422 10.4546 17.1800 11.2500 8.3834 3.2293 97.5947 5.6217
-32.8002 -72.4410 11.9623 17.1800 11.2500 9.7327 3.0585 97.9019 9.6406
-32.8030 -72.3398 13.7049 17.1800 11.2500 11.1392 2.8900 98.2091 16.6177
-32.8059 -72.2386 15.6928 17.1800 11.2500 12.5892 2.7144 98.5164 20.7536
-32.8088 -72.1374 17.9352 17.1800 11.2500 14.0750 2.5295 98.8236 17.6207
-32.8117 -72.0361 20.4412 17.1800 11.2500 15.5885 2.3262 99.1308 33.0122
-32.8146 -71.9349 23.2186 17.1800 11.2500 17.1210 2.1139 99.4380 39.3679
-32.8175 -71.8337 26.2738 17.1800 11.2500 18.6526 1.8958 99.7452 27.9219
-32.8204 -71.7325 29.6079 17.1800 11.2500 20.1461 1.6758 100.0525 33.5751
-32.8232 -71.6313 33.2139 17.1800 11.2500 21.5514 1.4653 100.3597 19.5567
-32.8261 -71.5301 37.0770 17.1800 11.2500 22.8093 1.2660 100.6669 16.2038
-32.8290 -71.4288 41.1627 17.1800 11.2500 23.8530 1.0931 100.9741 11.0471
-32.8319 -71.3276 45.4295 17.1800 11.2500 24.6249 0.9415 101.2814 12.2466
-32.8348 -71.2264 49.8201 17.1800 11.2500 25.0793 0.8125 101.5886 14.1277
-32.8377 -71.1252 54.2666 17.1800 11.2500 25.1918 0.7137 101.8958 10.8820
-32.9521 -72.6784 8.9304 17.1800 11.2500 6.8226 5.0577 97.8990 6.7751
-32.9581 -72.5773 10.1642 17.1800 11.2500 8.0631 4.7859 98.2202 6.1265
-32.9642 -72.4763 11.6128 17.1800 11.2500 9.3825 4.5271 98.5414 9.3970
-32.9702 -72.3752 13.2906 17.1800 11.2500 10.7593 4.2669 98.8625 10.9557
-32.9763 -72.2741 15.2083 17.1800 11.2500 12.1775 3.9971 99.1837 16.0857
-32.9824 -72.1730 17.3724 17.1800 11.2500 13.6325 3.7405 99.5049 22.7131
-32.9884 -72.0719 19.7934 17.1800 11.2500 15.1155 3.4784 99.8261 24.6364
-32.9945 -71.9709 22.4787 17.1800 11.2500 16.6213 3.2232 100.1472 36.4709
-33.0006 -71.8698 25.4352 17.1800 11.2500 18.1361 2.9857 100.4696 35.8225
-33.0066 -71.7687 28.6679 17.1800 11.2500 19.6316 2.7760 100.8036 28.1782
-33.0127 -71.6676 32.1731 17.1800 11.2500 21.0632 2.5943 101.1376 22.6435
-33.0187 -71.5665 35.9388 17.1800 11.2500 22.3741 2.4462 101.4716 15.0818
-33.0248 -71.4655 39.9398 17.1800 11.2500 23.4995 2.3341 101.8057 9.8122
-33.0309 -71.3644 44.1376 17.1800 11.2500 24.3773 2.2597 102.1397 11.6877
-33.0369 -71.2633 48.4804 17.1800 11.2500 24.9559 2.2231 102.4737 11.0264
-33.0430 -71.1622 52.9057 17.1800 11.2500 25.2011 2.2248 102.8077 13.6103
-33.1099 -72.7153 8.7468 17.1800 11.2500 6.5767 7.2020 98.7389 5.7871
-33.1194 -72.6145 9.9361 17.1800 11.2500 7.7821 6.8705 99.0948 6.6445
-33.1289 -72.5136 11.3336 17.1800 11.2500 9.0662 6.5505 99.4507 9.2707
-33.1384 -72.4128 12.9528 17.1800 11.2500 10.4084 6.2363 99.8066 10.0729
-33.1478 -72.3120 14.8034 17.1800 11.2500 11.7944 5.9295 100.1625 11.8373
-33.1573 -72.2112 16.8974 17.1800 11.2500 13.2160 5.6334 100.5184 18.0660
-33.1668 -72.1104 19.2411 17.1800 11.2500 14.6701 5.3519 100.8743 18.1324
-33.1763 -72.0096 21.8425 17.1800 11.2500 16.1534 5.0894 101.2303 21.6910
-33.1857 -71.9088 24.7093 17.1800 11.2500 17.6568 4.8539 101.5862 27.5753
-33.1952 -71.8079 27.8483 17.1800 11.2500 19.1573 4.6499 101.9421 20.5963
-33.2047 -71.7071 31.2619 17.1800 11.2500 20.6176 4.4891 102.2980 18.9810
-33.2142 -71.6063 34.9429 17.1800 11.2500 21.9837 4.3758 102.6539 14.0161
-33.2236 -71.5055 38.8706 17.1800 11.2500 23.1904 4.3049 103.0098 9.4813
-33.2331 -71.4047 43.0113 17.1800 11.2500 24.1731 4.2792 103.3657 12.9557
-33.2426 -71.3039 47.3184 17.1800 11.2500 24.8742 4.2982 103.7216 15.0928
-33.2521 -71.2030 51.7339 17.1800 11.2500 25.2529 4.3658 104.0775 15.4519
-33.2678 -72.7523 8.6496 17.1800 11.2500 6.4155 9.7248 99.6799 4.6518
-33.2807 -72.6518 9.8077 17.1800 11.2500 7.5916 9.3739 100.0573 8.1252
-33.2936 -72.5514 11.1693 17.1800 11.2500 8.8457 9.0400 100.4347 10.5891
-33.3065 -72.4509 12.7482 17.1800 11.2500 10.1590 8.7244 100.8121 10.1736
-33.3193 -72.3505 14.5556 17.1800 11.2500 11.5171 8.4274 101.1895 11.0471
-33.3322 -72.2501 16.5977 17.1800 11.2500 12.9117 8.1481 101.5669 15.7032
-33.3451 -72.1496 18.8836 17.1800 11.2500 14.3411 7.8891 101.9443 17.5315
-33.3580 -72.0492 21.4248 17.1800 11.2500 15.8072 7.6593 102.3217 22.2262
-33.3708 -71.9487 24.2301 17.1800 11.2500 17.3031 7.4614 102.6991 26.5091
-33.3837 -71.8483 27.3047 17.1800 11.2500 18.8094 7.2957 103.0765 24.3232
-33.3966 -71.7479 30.6524 17.1800 11.2500 20.2913 7.1648 103.4539 19.5647
-33.4095 -71.6474 34.2747 17.1800 11.2500 21.7001 7.0759 103.8313 10.9911
-33.4223 -71.5470 38.1529 17.1800 11.2500 22.9717 7.0289 104.2087 9.4103
-33.4257 -71.4466 42.2006 17.1800 11.2500 24.0245 6.8852 104.5230 10.0720
-33.4352 -71.3461 46.4664 17.1800 11.2500 24.8245 6.8792 104.8780 15.4849
-33.4420 -71.2457 50.8427 17.1800 11.2500 25.3139 6.8882 105.2148 17.5120
-33.4481 -72.7893 8.7118 17.1800 11.2500 6.4129 12.8666 100.8267 5.0103
-33.4582 -72.6894 9.8492 17.1800 11.2500 7.5571 12.4075 101.1270 7.5576
-33.4610 -72.5894 11.1580 17.1800 11.2500 8.7571 11.8646 101.4356 9.7726
-33.4745 -72.4895 12.7104 17.1800 11.2500 10.0449 11.5288 101.8159 9.6137
-33.4908 -72.3896 14.4947 17.1800 11.2500 11.3847 11.2652 102.2143 10.7594
-33.5070 -72.2896 16.5127 17.1800 11.2500 12.7647 11.0303 102.6128 14.2794
-33.5233 -72.1897 18.7760 17.1800 11.2500 14.1846 10.8248 103.0112 17.7876
-33.5395 -72.0897 21.2855 17.1800 11.2500 15.6428 10.6481 103.4097 18.9225
-33.5558 -71.9898 24.0603 17.1800 11.2500 17.1353 10.4993 103.8082 27.2676
-33.5721 -71.8898 27.1070 17.1800 11.2500 18.6477 10.3769 104.2066 24.6225
-33.5836 -71.7899 30.3948 17.1800 11.2500 20.1298 10.2059 104.5735 14.9841
-33.5883 -71.6899 33.8976 17.1800 11.2500 21.5330 9.9582 104.8955 9.5180
-33.6032 -71.5900 37.7351 17.1800 11.2500 22.8405 9.8982 105.2848 7.2480
-33.6046 -71.4900 41.6960 17.1800 11.2500 23.9347 9.6684 105.5845 9.7513
-33.6208 -71.3901 45.9766 17.1800 11.2500 24.8200 9.7100 105.9829 9.3295
-33.6228 -71.2902 50.2753 17.1800 11.2500 25.3884 9.5927 106.2865 14.4914
-33.6371 -72.8265 8.9364 17.1800 11.2500 6.5752 16.1905 102.1045 6.3721
-33.6424 -72.7272 10.0605 17.1800 11.2500 7.6858 15.5961 102.2908 8.9163
-33.6534 -72.6279 11.3964 17.1800 11.2500 8.8879 15.1362 102.6017 7.8927
-33.6621 -72.5285 12.9254 17.1800 11.2500 10.1403 14.6840 102.9482 8.0460
-33.6696 -72.4292 14.6646 17.1800 11.2500 11.4345 14.2548 103.2871 10.8464
-33.6817 -72.3298 16.6457 17.1800 11.2500 12.7860 13.9323 103.6560 14.5896
-33.7013 -72.2305 18.9079 17.1800 11.2500 14.2054 13.7572 104.0750 19.2309
-33.7210 -72.1312 21.4310 17.1800 11.2500 15.6692 13.6048 104.4941 19.4411
-33.7406 -72.0318 24.2093 17.1800 11.2500 17.1670 13.4811 104.9132 20.5089
-33.7414 -71.9325 27.1005 17.1800 11.2500 18.6098 13.1097 105.2072 22.1787
-33.7602 -71.8331 30.4120 17.1800 11.2500 20.1112 13.0156 105.6209 14.6790
-33.7644 -71.7338 33.8523 17.1800 11.2500 21.5032 12.7344 105.9372 9.4250
-33.7798 -71.6345 37.6579 17.1800 11.2500 22.8258 12.6363 106.3287 6.6718
-33.7873 -71.5351 41.6171 17.1800 11.2500 23.9484 12.4585 106.6671 8.6319
-33.7995 -71.4358 45.8187 17.1800 11.2500 24.8640 12.3863 107.0364 8.8555
-33.8103 -71.3364 50.1649 17.1800 11.2500 25.5071 12.3438 107.3971 11.1944
-33.8191 -72.8638 9.2725 17.1800 11.2500 6.8448 19.1249 103.3328 6.2919
-33.8333 -72.7652 10.4600 17.1800 11.2500 7.9795 18.6043 103.5803 8.1642
-33.8387 -72.6666 11.7885 17.1800 11.2500 9.1453 18.0192 103.7661 8.7456
-33.8563 -72.5680 13.3813 17.1800 11.2500 10.4171 17.6364 104.1231 9.7124
-33.8584 -72.4694 15.0927 17.1800 11.2500 11.6698 17.0978 104.4237 11.0132
-33.8780 -72.3707 17.1366 17.1800 11.2500 13.0418 16.8177 104.8406 16.3531
-33.8792 -72.2721 19.2736 17.1800 11.2500 14.3744 16.3499 105.1355 16.4599
-33.8992 -72.1735 21.7991 17.1800 11.2500 15.8312 16.1470 105.5547 18.1365
-33.9022 -72.0749 24.4241 17.1800 11.2500 17.2450 15.7670 105.8613 18.8854
-33.9252 -71.9763 27.4955 17.1800 11.2500 18.7691 15.6417 106.3005 23.2871
-33.9255 -71.8776 30.6063 17.1800 11.2500 20.1730 15.2839 106.5891 13.2330
-33.9482 -71.7790 34.2069 17.1800 11.2500 21.6242 15.2056 107.0263 7.4463
-33.9518 -71.6804 37.8465 17.1800 11.2500 22.8885 14.9334 107.3370 7.0220
-33.9711 -71.5818 41.9088 17.1800 11.2500 24.0552 14.8600 107.7521 8.0741
-33.9781 -71.4832 46.0125 17.1800 11.2500 24.9670 14.6918 108.0848 8.4322
-33.9941 -71.3845 50.3901 17.1800 11.2500 25.6526 14.6764 108.4779 11.3469
-34.0044 -72.9013 9.7532 17.1800 11.2500 7.2317 21.5721 104.5839 7.3741
-34.0171 -72.8035 10.9739 17.1800 11.2500 8.3539 20.9896 104.8197 8.7519
-34.0307 -72.7057 12.3838 17.1800 11.2500 9.5421 20.4598 105.0617 10.6722
-34.0401 -72.6079 13.9644 17.1800 11.2500 10.7627 19.9321 105.2742 9.4861
-34.0568 -72.5101 15.8012 17.1800 11.2500 12.0649 19.5128 105.6231 11.1452
-34.0570 -72.4123 17.7163 17.1800 11.2500 13.3306 18.9739 105.9083 14.9346
-34.0630 -72.3145 19.9003 17.1800 11.2500 14.6686 18.5274 106.2328 19.4372
-34.0833 -72.2167 22.4453 17.1800 11.2500 16.1176 18.2466 106.6513 15.2553
-34.0860 -72.1190 25.0610 17.1800 11.2500 17.5110 17.8407 106.9538 18.1862
-34.0862 -72.0212 27.8861 17.1800 11.2500 18.9058 17.4444 107.2394 27.3443
-34.1095 -71.9234 31.2352 17.1800 11.2500 20.3996 17.2823 107.6785 14.4164
-34.1156 -71.8256 34.6307 17.1800 11.2500 21.7525 16.9963 108.0030 9.8000
-34.1358 -71.7278 38.4535 17.1800 11.2500 23.0661 16.8617 108.4215 8.2253
-34.1450 -71.6300 42.3523 17.1800 11.2500 24.1787 16.6679 108.7667 8.5350
-34.1621 -71.5322 46.5649 17.1800 11.2500 25.1172 16.5775 109.1645 10.7916
-34.1744 -71.4344 50.8630 17.1800 11.2500 25.8066 16.4950 109.5304 11.8526
-34.1884 -72.9721 9.9951 17.1800 11.2500 7.3511 23.6016 105.7764 8.1334
-34.2038 -72.8752 11.2255 17.1800 11.2500 8.4540 23.0315 106.0301 12.5121
-34.2142 -72.7783 12.5983 17.1800 11.2500 9.5925 22.4491 106.2482 13.4709
-34.2147 -72.6814 14.0853 17.1800 11.2500 10.7329 21.8342 106.3965 11.5709
-34.2333 -72.5845 15.8957 17.1800 11.2500 12.0112 21.3747 106.6721 11.1930
-34.2410 -72.4876 17.8316 17.1800 11.2500 13.2807 20.8784 106.9117 16.0754
-34.2465 -72.3907 19.9485 17.1800 11.2500 14.5828 20.3996 107.2301 22.2103
-34.2627 -72.2938 22.4006 17.1800 11.2500 15.9843 20.0256 107.6187 23.5321
-34.2673 -72.1969 24.9611 17.1800 11.2500 17.3589 19.6056 107.9311 23.8945
-34.2789 -72.1000 27.8380 17.1800 11.2500 18.7894 19.2653 108.2895 25.5956
-34.2921 -72.0031 30.9883 17.1800 11.2500 20.2197 18.9691 108.6588 18.6574
-34.2936 -71.9062 34.2262 17.1800 11.2500 21.5454 18.6245 108.9505 11.9157
-34.3112 -71.8093 37.9297 17.1800 11.2500 22.8621 18.4214 109.3490 13.7166
-34.3215 -71.7124 41.7534 17.1800 11.2500 24.0080 18.2041 109.6989 11.9100
-34.3435 -71.6156 45.9603 17.1800 11.2500 25.0197 18.1053 110.1268 9.3771
-34.3509 -71.5187 50.0994 17.1800 11.2500 25.7678 17.9533 110.4574 9.2952
-34.3715 -73.0761 9.9677 17.1800 11.2500 7.2039 25.2660 106.9123 8.9483
-34.3758 -72.9801 11.0728 17.1800 11.2500 8.1975 24.6789 107.0865 15.4361
-34.3803 -72.8842 12.3266 17.1800 11.2500 9.2500 24.0892 107.2614 16.7880
-34.4065 -72.7882 13.9314 17.1800 11.2500 10.4715 23.6278 107.5901 16.2993
-34.4081 -72.6922 15.5207 17.1800 11.2500 11.6120 23.0617 107.7449 15.1077
-34.4097 -72.5963 17.2898 17.1800 11.2500 12.7984 22.5193 107.8993 17.4377
-34.4391 -72.5003 19.5373 17.1800 11.2500 14.1851 22.1588 108.2502 25.3831
-34.4405 -72.4044 21.7135 17.1800 11.2500 15.4623 21.6748 108.4782 23.8012
-34.4416 -72.3084 24.0944 17.1800 11.2500 16.7761 21.2170 108.7646 28.1202
-34.4685 -72.2124 27.0300 17.1800 11.2500 18.2643 20.9358 109.2223 26.4263
-34.4728 -72.1165 29.9141 17.1800 11.2500 19.6265 20.5509 109.5296 27.3561
-34.4767 -72.0205 33.0217 17.1800 11.2500 20.9625 20.1904 109.8341 15.7541
-34.4979 -71.9245 36.6184 17.1800 11.2500 22.3300 19.9599 110.2543 11.8139
-34.5051 -71.8286 40.2334 17.1800 11.2500 23.5184 19.6773 110.5809 11.9797
-34.5117 -71.7326 44.0424 17.1800 11.2500 24.5618 19.4249 110.9036 11.5977
-34.5280 -71.6366 48.1954 17.1800 11.2500 25.4600 19.2637 111.2905 11.6871
-34.5374 -73.1739 9.9637 17.1800 11.2500 7.1104 26.4171 107.9369 9.3097
-34.5468 -73.0789 11.0620 17.1800 11.2500 8.0820 25.9560 108.1449 15.1113
-34.5650 -72.9839 12.3861 17.1800 11.2500 9.1618 25.5119 108.4153 18.0117
-34.5697 -72.8889 13.7609 17.1800 11.2500 10.2200 24.9960 108.5910 20.9232
-34.5818 -72.7939 15.3716 17.1800 11.2500 11.3694 24.5155 108.8183 18.6683
-34.6020 -72.6989 17.2478 17.1800 11.2500 12.6147 24.0870 109.1023 18.9676
-34.6021 -72.6039 19.1138 17.1800 11.2500 13.7934 23.5737 109.2451 27.5902
-34.6169 -72.5089 21.3433 17.1800 11.2500 15.1063 23.1594 109.4916 28.9740
-34.6344 -72.4139 23.8187 17.1800 11.2500 16.4765 22.7826 109.7571 31.0247
-34.6390 -72.3189 26.3536 17.1800 11.2500 17.7987 22.3593 110.0448 25.5064
-34.6520 -72.2239 29.2279 17.1800 11.2500 19.1834 22.0031 110.4071 24.5180
-34.6667 -72.1289 32.3629 17.1800 11.2500 20.5653 21.6762 110.7812 25.4241
-34.6760 -72.0339 35.6471 17.1800 11.2500 21.8673 21.3404 111.1188 13.2561
-34.6844 -71.9389 39.1430 17.1800 11.2500 23.0787 21.0221 111.4512 16.0586
-34.6870 -71.8439 42.7341 17.1800 11.2500 24.1513 20.6996 111.7443 14.7001
-34.6990 -71.7489 46.6783 17.1800 11.2500 25.1068 20.4521 112.1002 14.0727
-34.7130 -73.2378 10.4189 17.1800 11.2500 7.4585 27.2788 109.0798 13.3285
-34.7221 -73.1435 11.5527 17.1800 11.2500 8.4140 26.9520 109.2849 16.7819
-34.7234 -73.0493 12.7625 17.1800 11.2500 9.3748 26.5417 109.4350 21.6660
-34.7500 -72.9550 14.3455 17.1800 11.2500 10.5360 26.2155 109.7636 21.9772
-34.7571 -72.8608 15.9324 17.1800 11.2500 11.6323 25.7753 109.9550 22.2305
-34.7623 -72.7665 17.6621 17.1800 11.2500 12.7641 25.3079 110.1324 25.0741
-34.7870 -72.6722 19.8050 17.1800 11.2500 14.0668 24.9474 110.4473 31.2489
-34.7922 -72.5780 21.9103 17.1800 11.2500 15.2929 24.4794 110.6250 30.6202
-34.8012 -72.4837 24.2680 17.1800 11.2500 16.5831 24.0419 110.8297 28.9752
-34.8240 -72.3895 27.0382 17.1800 11.2500 17.9878 23.6907 111.1311 33.5674
-34.8272 -72.2952 29.7420 17.1800 11.2500 19.2795 23.2494 111.3640 28.8367
-34.8402 -72.2009 32.8171 17.1800 11.2500 20.6147 22.8736 111.7236 30.0611
-34.8409 -72.1067 35.9156 17.1800 11.2500 21.8347 22.4569 112.0026 18.5222
-34.8610 -72.0124 39.5601 17.1800 11.2500 23.0750 22.1468 112.4098 18.9232
-34.8623 -71.9182 43.0682 17.1800 11.2500 24.1135 21.7745 112.6926 16.4904
-34.8791 -71.8239 47.0444 17.1800 11.2500 25.0638 21.4858 113.0779 13.1714
-34.8817 -73.3017 10.8939 17.1800 11.2500 7.8459 28.0689 110.1748 19.2236
-34.8974 -73.2083 12.1172 17.1800 11.2500 8.8314 27.9090 110.4248 18.0808
-34.8980 -73.1148 13.3567 17.1800 11.2500 9.7683 27.6273 110.5688 24.1154
-34.9180 -73.0213 14.9181 17.1800 11.2500 10.8734 27.3815 110.8499 21.7021
-34.9226 -72.9278 16.4925 17.1800 11.2500 11.9232 27.0131 111.0219 21.9223
-34.9350 -72.8343 18.3134 17.1800 11.2500 13.0691 26.6445 111.2491 21.4090
-34.9569 -72.7409 20.4406 17.1800 11.2500 14.3236 26.2972 111.5438 24.1837
-34.9634 -72.6474 22.5598 17.1800 11.2500 15.5192 25.8338 111.7293 35.4765
-34.9720 -72.5539 24.9023 17.1800 11.2500 16.7660 25.3662 111.9294 33.0016
-34.9959 -72.4604 27.6811 17.1800 11.2500 18.1354 24.9720 112.2377 28.1928
-34.9971 -72.3669 30.3266 17.1800 11.2500 19.3671 24.4619 112.3859 31.0707
-35.0043 -72.2735 33.2723 17.1800 11.2500 20.6209 23.9921 112.6026 24.6755
-35.0090 -72.1800 36.3826 17.1800 11.2500 21.8180 23.5276 112.9057 22.5595
-35.0348 -72.0865 40.0793 17.1800 11.2500 23.0418 23.1589 113.3488 18.8581
-35.0395 -71.9930 43.5831 17.1800 11.2500 24.0544 22.7340 113.6517 17.4300
-35.0451 -71.8995 47.2726 17.1800 11.2500 24.9369 22.3358 113.9605 16.7861
-35.0460 -73.3657 11.4000 17.1800 11.2500 8.2766 28.6457 111.2378 17.7432
-35.0737 -73.2731 12.7704 17.1800 11.2500 9.3393 28.6423 111.5720 21.0567
-35.0819 -73.1804 14.1276 17.1800 11.2500 10.3122 28.5442 111.7685 25.9007
-35.0830 -73.0877 15.5507 17.1800 11.2500 11.2708 28.3534 111.9144 23.3649
-35.0859 -72.9951 17.1326 17.1800 11.2500 12.2772 28.0960 112.0737 24.0829
-35.1126 -72.9024 19.1511 17.1800 11.2500 13.4835 27.8656 112.4007 22.5376
-35.1244 -72.8098 21.1748 17.1800 11.2500 14.6253 27.5063 112.6219 29.3743
-35.1268 -72.7171 23.2433 17.1800 11.2500 15.7409 27.0487 112.7774 36.1631
-35.1516 -72.6244 25.8137 17.1800 11.2500 17.0352 26.6403 113.0909 29.1263
-35.1523 -72.5318 28.2208 17.1800 11.2500 18.1950 26.0950 113.2347 30.8217
-35.1668 -72.4391 31.0469 17.1800 11.2500 19.4428 25.5769 113.4753 28.1376
-35.1676 -72.3464 33.8302 17.1800 11.2500 20.6043 25.0140 113.6196 22.7653
-35.1905 -72.2538 37.2144 17.1800 11.2500 21.8364 24.5201 113.9197 21.5527
-35.1954 -72.1611 40.4706 17.1800 11.2500 22.9051 23.9947 114.1983 20.3435
-35.2084 -72.0685 44.0631 17.1800 11.2500 23.9037 23.5077 114.5543 19.0458
-35.2092 -71.9758 47.5768 17.1800 11.2500 24.7333 23.0284 114.8288 17.4481
-35.2294 -73.4296 12.1067 17.1800 11.2500 8.8764 28.7465 112.4364 20.8891
-35.2384 -73.3377 13.3904 17.1800 11.2500 9.8198 28.8387 112.6374 23.2762
-35.2493 -73.2458 14.8264 17.1800 11.2500 10.8008 28.8796 112.8513 22.8939
-35.2516 -73.1538 16.3082 17.1800 11.2500 11.7472 28.8431 113.0055 20.8905
-35.2683 -73.0619 18.1017 17.1800 11.2500 12.8163 28.7288 113.2608 24.7626
-35.2815 -72.9699 20.0103 17.1800 11.2500 13.8849 28.5368 113.4910 20.8958
-35.2901 -72.8780 22.0055 17.1800 11.2500 14.9510 28.2516 113.6892 34.6022
-35.2941 -72.7860 24.1006 17.1800 11.2500 16.0130 27.8793 113.8547 31.7221
-35.3075 -72.6941 26.5075 17.1800 11.2500 17.1579 27.4362 114.0872 23.3858
-35.3246 -72.6022 29.1588 17.1800 11.2500 18.3369 26.9256 114.3447 30.1067
-35.3309 -72.5102 31.8209 17.1800 11.2500 19.4641 26.3613 114.5271 25.3819
-35.3365 -72.4183 34.6559 17.1800 11.2500 20.5748 25.7710 114.7038 20.0163
-35.3512 -72.3263 37.8366 17.1800 11.2500 21.6985 25.1794 114.9453 18.9166
-35.3676 -72.2344 41.2404 17.1800 11.2500 22.7558 24.5836 115.1983 15.0168
-35.3718 -72.1424 44.5831 17.1800 11.2500 23.6760 24.0173 115.4241 17.9628
-35.3789 -72.0505 48.1363 17.1800 11.2500 24.4923 23.4806 115.7388 17.0423
-35.3949 -73.4933 12.7054 17.1800 11.2500 9.3610 28.1165 113.5089 18.7682
-35.4107 -73.4016 14.1188 17.1800 11.2500 10.3528 28.2641 113.7571 19.8368
-35.4126 -73.3100 15.5327 17.1800 11.2500 11.2683 28.4324 113.9077 21.5482
-35.4214 -73.2183 17.1479 17.1800 11.2500 12.2405 28.5051 114.1064 21.0067
-35.4386 -73.1267 19.0099 17.1800 11.2500 13.2787 28.4743 114.3652 25.0229
-35.4534 -73.0350 20.9956 17.1800 11.2500 14.3096 28.3718 114.6068 28.0208
-35.4537 -72.9434 22.9284 17.1800 11.2500 15.2636 28.2291 114.7459 34.6697
-35.4628 -72.8517 25.1270 17.1800 11.2500 16.2871 27.9434 114.9467 27.8643
-35.4638 -72.7601 27.3617 17.1800 11.2500 17.2846 27.5899 115.0908 17.0858
-35.4823 -72.6684 30.0360 17.1800 11.2500 18.3885 27.0863 115.3586 21.5244
-35.4968 -72.5768 32.8276 17.1800 11.2500 19.4708 26.5345 115.5978 28.2310
-35.5062 -72.4852 35.7018 17.1800 11.2500 20.5234 25.9420 115.8011 20.1602
-35.5071 -72.3935 38.5924 17.1800 11.2500 21.5214 25.3560 115.9444 15.6563
-35.5260 -72.3019 41.9910 17.1800 11.2500 22.5277 24.6976 116.2149 16.1596
-35.5399 -72.2102 45.4676 17.1800 11.2500 23.4296 24.0794 116.4496 15.5216
-35.5486 -72.1186 48.9948 17.1800 11.2500 24.2036 23.5101 116.6680 14.1433
-35.5514 -73.5569 13.1974 17.1800 11.2500 9.7368 26.7864 114.5179 18.8461
-35.5697 -73.4656 14.6929 17.1800 11.2500 10.7414 26.9258 114.7834 16.2489
-35.5829 -73.3742 16.2879 17.1800 11.2500 11.7191 27.0842 115.0132 27.2202
-35.5911 -73.2829 17.9654 17.1800 11.2500 12.6648 27.2445 115.2072 22.7476
-35.5958 -73.1915 19.7318 17.1800 11.2500 13.5882 27.3739 115.3768 24.9431
-35.6134 -73.1002 21.7976 17.1800 11.2500 14.5802 27.3018 115.6379 28.1736
-35.6180 -73.0088 23.8325 17.1800 11.2500 15.5026 27.2563 115.8070 33.8653
-35.6260 -72.9175 26.0588 17.1800 11.2500 16.4443 27.0861 115.9999 20.9317
-35.6335 -72.8261 28.4051 17.1800 11.2500 17.3989 26.8130 116.1894 17.0035
-35.6401 -72.7348 30.8942 17.1800 11.2500 18.3553 26.4582 116.3723 18.0340
-35.6571 -72.6434 33.7076 17.1800 11.2500 19.3589 25.9280 116.6290 17.1989
-35.6630 -72.5521 36.4896 17.1800 11.2500 20.3246 25.4181 116.8070 16.8284
-35.6691 -72.4607 39.4376 17.1800 11.2500 21.2798 24.8617 116.9865 14.1674
-35.6844 -72.3694 42.7172 17.1800 11.2500 22.2169 24.2229 117.2313 16.3172
-35.7008 -72.2780 46.1765 17.1800 11.2500 23.0811 23.5922 117.4835 15.7420
-35.7079 -72.1867 49.5992 17.1800 11.2500 23.8309 23.0433 117.6703 13.5423
-35.7121 -73.6205 13.6538 17.1800 11.2500 10.0538 24.8175 115.5564 16.4107
-35.7287 -73.5295 15.1943 17.1800 11.2500 11.0399 24.9428 115.8096 17.4689
-35.7445 -73.4385 16.8571 17.1800 11.2500 12.0152 25.0610 116.0569 24.0092
-35.7529 -73.3474 18.5901 17.1800 11.2500 12.9369 25.2384 116.2522 23.2308
-35.7552 -73.2564 20.3830 17.1800 11.2500 13.8137 25.4480 116.4046 25.1680
-35.7717 -73.1653 22.4687 17.1800 11.2500 14.7455 25.4036 116.6569 24.7925
-35.7730 -73.0743 24.4967 17.1800 11.2500 15.5981 25.4935 116.8029 24.3764
-35.7882 -72.9832 26.8448 17.1800 11.2500 16.5000 25.3195 117.0457 17.6744
-35.7978 -72.8922 29.2431 17.1800 11.2500 17.3833 25.1294 117.2499 17.8067
-35.7982 -72.8011 31.6379 17.1800 11.2500 18.2424 24.9670 117.3890 14.8294
-35.8156 -72.7101 34.4335 17.1800 11.2500 19.1640 24.4851 117.6473 14.5459
-35.8174 -72.6191 37.1329 17.1800 11.2500 20.0490 24.1454 117.7961 12.7134
-35.8319 -72.5280 40.1797 17.1800 11.2500 20.9654 23.5871 118.0345 13.4117
-35.8428 -72.4370 43.3236 17.1800 11.2500 21.8462 23.0604 118.2475 17.4408
-35.8595 -72.3459 46.7158 17.1800 11.2500 22.6801 22.4674 118.5015 14.0227
-35.8617 -72.2549 49.9866 17.1800 11.2500 23.4159 22.0434 118.6532 11.8332
-35.8756 -73.6842 14.0260 17.1800 11.2500 10.2749 22.4775 116.6143 9.3520
-35.8877 -73.5934 15.5510 17.1800 11.2500 11.2271 22.5763 116.8357 18.0438
-35.9034 -73.5027 17.2533 17.1800 11.2500 12.1799 22.6097 117.0819 28.9782
-35.9060 -73.4120 18.9696 17.1800 11.2500 13.0507 22.8211 117.2361 31.4597
-35.9193 -73.3212 20.9101 17.1800 11.2500 13.9453 22.8454 117.4652 26.6218
-35.9225 -73.2305 22.8812 17.1800 11.2500 14.7729 22.9910 117.6235 21.5864
-35.9327 -73.1398 25.0400 17.1800 11.2500 15.6124 22.9811 117.8311 22.8655
-35.9473 -73.0490 27.3816 17.1800 11.2500 16.4514 22.8398 118.0700 18.5700
-35.9503 -72.9583 29.7031 17.1800 11.2500 17.2493 22.8246 118.2270 14.6525
-35.9624 -72.8676 32.2634 17.1800 11.2500 18.0774 22.5785 118.4477 15.2400
-35.9630 -72.7768 34.7974 17.1800 11.2500 18.8891 22.4665 118.5873 12.9288
-35.9776 -72.6861 37.6565 17.1800 11.2500 19.7487 22.0503 118.8265 13.3390
-35.9912 -72.5954 40.6492 17.1800 11.2500 20.6089 21.6228 119.0580 13.5541
-35.9947 -72.5046 43.6234 17.1800 11.2500 21.4448 21.3177 119.2180 13.5803
-36.0023 -72.4139 46.8029 17.1800 11.2500 22.2518 20.9387 119.3863 13.4438
-36.0226 -72.3231 50.3145 17.1800 11.2500 23.0028 20.3925 119.4784 10.9521
-36.0351 -73.7584 14.0631 17.1800 11.2500 10.2470 20.2098 117.3058 13.1104
-36.0390 -73.6671 15.5515 17.1800 11.2500 11.1594 20.2530 117.4339 23.1479
-36.0422 -73.5759 17.1572 17.1800 11.2500 12.0533 20.3326 117.5634 35.4143
-36.0675 -73.4846 19.0795 17.1800 11.2500 13.0013 20.0723 117.6455 28.3367
-36.0732 -73.3934 20.9690 17.1800 11.2500 13.8489 20.1067 117.7696 28.6121
-36.0790 -73.3021 22.9821 17.1800 11.2500 14.6688 20.1368 117.8935 21.4599
-36.0822 -73.2109 25.0906 17.1800 11.2500 15.4556 20.2039 118.0233 18.7251
-36.0833 -73.1197 27.2879 17.1800 11.2500 16.2224 20.2913 118.1572 16.6749
-36.1091 -73.0284 29.8780 17.1800 11.2500 17.0409 19.8779 118.2383 13.3885
-36.1125 -72.9372 32.3360 17.1800 11.2500 17.8082 19.8547 118.3674 11.8269
-36.1221 -72.8459 34.9894 17.1800 11.2500 18.6014 19.6762 118.4832 10.4721
-36.1230 -72.7547 37.6561 17.1800 11.2500 19.3984 19.6222 118.6177 12.1626
-36.1276 -72.6634 40.5009 17.1800 11.2500 20.2194 19.4601 118.7440 11.9437
-36.1449 -72.5722 43.6590 17.1800 11.2500 21.0625 19.0668 118.8433 10.0010
-36.1574 -72.4810 46.8844 17.1800 11.2500 21.8754 18.7556 118.9529 9.8725
-36.1620 -72.3897 50.1254 17.1800 11.2500 22.6230 18.5789 119.0795 7.9451
-36.1669 -73.8510 13.5334 17.1800 11.2500 9.8173 18.6425 116.8844 12.4767
-36.1808 -73.7579 15.0626 17.1800 11.2500 10.7731 18.3752 116.9937 19.1572
-36.2019 -73.6649 16.7905 17.1800 11.2500 11.7325 17.9958 117.0874 32.9086
-36.2024 -73.5718 18.5081 17.1800 11.2500 12.6061 17.9077 117.2255 34.1042
-36.2108 -73.4788 20.4160 17.1800 11.2500 13.4715 17.7234 117.3466 25.4688
-36.2166 -73.3857 22.4316 17.1800 11.2500 14.3010 17.6012 117.4732 20.0884
-36.2239 -73.2926 24.5798 17.1800 11.2500 15.1068 17.4810 117.5967 17.7507
-36.2418 -73.1996 26.9556 17.1800 11.2500 15.9096 17.1594 117.6973 14.9125
-36.2473 -73.1065 29.3427 17.1800 11.2500 16.6758 17.0870 117.8246 12.0092
-36.2525 -73.0135 31.8427 17.1800 11.2500 17.4423 17.0338 117.9527 12.3886
-36.2547 -72.9204 34.4305 17.1800 11.2500 18.2163 17.0439 118.0870 8.3747
-36.2556 -72.8273 37.1264 17.1800 11.2500 19.0085 17.0778 118.2242 9.7481
-36.2817 -72.7343 40.2360 17.1800 11.2500 19.8699 16.6213 118.3072 9.4300
-36.2873 -72.6412 43.2590 17.1800 11.2500 20.7047 16.5795 118.4343 7.4677
-36.2883 -72.5482 46.3552 17.1800 11.2500 21.5215 16.6112 118.5713 6.4114
-36.2923 -72.4551 49.6230 17.1800 11.2500 22.3022 16.5908 118.7019 6.3145
-36.2986 -73.9438 12.9669 17.1800 11.2500 9.3207 17.5429 116.1977 11.5023
-36.3191 -73.8491 14.4808 17.1800 11.2500 10.2790 17.0373 116.5358 16.8930
-36.3217 -73.7544 16.0363 17.1800 11.2500 11.1836 16.6890 116.6964 27.1465
-36.3242 -73.6597 17.7275 17.1800 11.2500 12.0730 16.3589 116.8326 27.5918
-36.3425 -73.5650 19.6656 17.1800 11.2500 12.9684 15.8249 116.9348 23.1514
-36.3508 -73.4703 21.6714 17.1800 11.2500 13.8172 15.4483 117.0586 18.8104
-36.3600 -73.3756 23.8129 17.1800 11.2500 14.6392 15.0979 117.1803 20.3104
-36.3616 -73.2809 26.0268 17.1800 11.2500 15.4308 14.9178 117.3186 16.7159
-36.3745 -73.1862 28.4538 17.1800 11.2500 16.2244 14.5897 117.4323 13.1834
-36.3825 -73.0915 30.9656 17.1800 11.2500 17.0102 14.4082 117.5568 12.4038
-36.3864 -72.9968 33.5741 17.1800 11.2500 17.8030 14.3555 117.6899 10.6112
-36.3959 -72.9021 36.3631 17.1800 11.2500 18.6256 14.2478 117.8112 9.7426
-36.4015 -72.8074 39.2529 17.1800 11.2500 19.4659 14.2616 117.9407 9.3618
-36.4021 -72.7127 42.2298 17.1800 11.2500 20.3125 14.4047 118.0811 7.1346
-36.4142 -72.6180 45.4671 17.1800 11.2500 21.1856 14.3736 118.1966 4.4741
-36.4296 -72.5233 48.8895 17.1800 11.2500 22.0353 14.3255 118.3051 5.3469
-36.4303 -74.0368 12.3874 17.1800 11.2500 8.7924 16.7823 115.3237 8.4021
-36.4317 -73.9406 13.7345 17.1800 11.2500 9.6772 16.3613 115.7362 11.4740
-36.4414 -73.8445 15.2647 17.1800 11.2500 10.5789 15.8035 116.1191 20.2497
-36.4459 -73.7483 16.9036 17.1800 11.2500 11.4645 15.2656 116.4387 23.5864
-36.4571 -73.6521 18.7232 17.1800 11.2500 12.3434 14.6418 116.5584 23.5509
-36.4676 -73.5560 20.6782 17.1800 11.2500 13.2004 14.0318 116.6797 18.7459
-36.4776 -73.4598 22.7664 17.1800 11.2500 14.0390 13.4645 116.8019 15.2298
-36.4813 -73.3636 24.9494 17.1800 11.2500 14.8581 13.0370 116.9377 18.2380
-36.4847 -73.2675 27.2578 17.1800 11.2500 15.6671 12.7159 117.0743 12.6506
-36.5034 -73.1713 29.8090 17.1800 11.2500 16.4919 12.2032 117.1778 10.2704
-36.5093 -73.0751 32.4030 17.1800 11.2500 17.3182 12.0165 117.3089 11.2074
-36.5122 -72.9790 35.1121 17.1800 11.2500 18.1621 11.9850 117.4465 9.5548
-36.5213 -72.8828 38.0141 17.1800 11.2500 19.0464 11.9422 117.5708 8.1649
-36.5251 -72.7866 41.0188 17.1800 11.2500 19.9379 12.0730 117.7063 9.8651
-36.5393 -72.6905 44.2643 17.1800 11.2500 20.8629 12.1001 117.8197 5.3981
-36.5397 -72.5943 47.5384 17.1800 11.2500 21.7305 12.4023 117.9625 4.2558
-36.5411 -74.0972 12.1296 17.1800 11.2500 8.5095 16.1110 114.6661 8.9874
-36.5484 -73.9997 13.4812 17.1800 11.2500 9.3735 15.6388 115.0628 10.9865
-36.5673 -73.9023 15.0286 17.1800 11.2500 10.2512 14.9488 115.4187 16.7058
-36.5717 -73.8048 16.6406 17.1800 11.2500 11.1019 14.3024 115.8258 19.4689
-36.5728 -73.7074 18.3682 17.1800 11.2500 11.9487 13.6516 116.2274 19.7806
-36.5751 -73.6100 20.2396 17.1800 11.2500 12.7903 12.9780 116.3680 18.5606
-36.5948 -73.5125 22.3460 17.1800 11.2500 13.6317 12.1219 116.4715 14.8553
-36.5950 -73.4151 24.4781 17.1800 11.2500 14.4656 11.5659 116.6167 15.1808
-36.6045 -73.3176 26.8002 17.1800 11.2500 15.3039 10.9781 116.7420 11.7422
-36.6110 -73.2202 29.2437 17.1800 11.2500 16.1538 10.5460 116.8738 9.7029
-36.6183 -73.1227 31.8330 17.1800 11.2500 17.0220 10.2366 117.0037 10.5144
-36.6223 -73.0253 34.5544 17.1800 11.2500 17.9241 10.1122 117.1408 8.6611
-36.6362 -72.9278 37.4868 17.1800 11.2500 18.8637 9.9753 117.2567 8.0191
-36.6416 -72.8304 40.5316 17.1800 11.2500 19.8218 10.0980 117.3907 8.0199
-36.6498 -72.7329 43.7578 17.1800 11.2500 20.7897 10.2835 117.5187 4.9194
-36.6649 -72.6355 47.2061 17.1800 11.2500 21.7624 10.4816 117.6321 3.4147
-36.6679 -74.1541 11.9686 17.1800 11.2500 8.3004 15.1264 113.9660 8.0317
-36.6757 -74.0556 13.3035 17.1800 11.2500 9.1173 14.7359 114.3661 10.8852
-36.6774 -73.9570 14.7383 17.1800 11.2500 9.9239 14.2501 114.7879 14.4152
-36.6882 -73.8585 16.3465 17.1800 11.2500 10.7394 13.5490 115.1770 14.8915
-36.6947 -73.7599 18.0649 17.1800 11.2500 11.5511 12.7925 115.5816 18.1014
-36.6996 -73.6614 19.9077 17.1800 11.2500 12.3675 11.9982 115.9919 17.1397
-36.7049 -73.5629 21.8858 17.1800 11.2500 13.1924 11.1997 116.1598 13.2279
-36.7115 -73.4643 24.0074 17.1800 11.2500 14.0299 10.4278 116.2930 14.1212
-36.7137 -73.3658 26.2479 17.1800 11.2500 14.8883 9.7921 116.4355 10.6468
-36.7324 -73.2672 28.7150 17.1800 11.2500 15.7718 9.0903 116.5426 7.1804
-36.7327 -73.1687 31.2415 17.1800 11.2500 16.6909 8.7512 116.6893 8.4786
-36.7348 -73.0701 33.9336 17.1800 11.2500 17.6460 8.5614 116.8322 7.9208
-36.7517 -72.9716 36.8740 17.1800 11.2500 18.6655 8.3588 116.9431 7.2843
-36.7581 -72.8730 39.9284 17.1800 11.2500 19.6968 8.4587 117.0768 7.2896
-36.7600 -72.7745 43.1348 17.1800 11.2500 20.7226 8.7459 117.2201 5.9564
-36.7708 -72.6759 46.5827 17.1800 11.2500 21.7547 9.0524 117.3443 3.3156
-36.7814 -74.2112 11.7188 17.1800 11.2500 8.0764 14.0053 113.3129 7.6249
-36.7875 -74.1118 13.0247 17.1800 11.2500 8.8491 13.7847 113.7229 10.0896
-36.7898 -74.0123 14.4319 17.1800 11.2500 9.6138 13.4244 114.1465 13.1420
-36.8047 -73.9128 16.0192 17.1800 11.2500 10.3830 12.7818 114.5251 13.6790
-36.8088 -73.8134 17.6810 17.1800 11.2500 11.1478 12.1085 114.9422 16.1360
-36.8278 -73.7139 19.5368 17.1800 11.2500 11.9216 11.2094 115.3061 15.9795
-36.8280 -73.6145 21.4357 17.1800 11.2500 12.7178 10.4317 115.7374 12.4249
-36.8468 -73.5150 23.5530 17.1800 11.2500 13.5364 9.4973 115.9265 13.7968
-36.8512 -73.4156 25.7453 17.1800 11.2500 14.4026 8.7471 116.0657 8.7551
-36.8658 -73.3161 28.1282 17.1800 11.2500 15.3171 8.0347 116.1831 7.0821
-36.8745 -73.2166 30.6450 17.1800 11.2500 16.2940 7.5167 116.3131 7.3997
-36.8848 -73.1172 33.3394 17.1800 11.2500 17.3355 7.1636 116.4396 7.1451
-36.9039 -73.0177 36.2550 17.1800 11.2500 18.4489 6.9391 116.5475 6.2247
-36.9229 -72.9183 39.3672 17.1800 11.2500 19.6199 6.9213 116.6553 5.4016
-36.9419 -72.8188 42.6960 17.1800 11.2500 20.8259 7.0633 116.7632 5.9709
-36.9609 -72.7193 46.2391 17.1800 11.2500 22.0125 7.3537 116.8710 3.7910