-75.745500 -44.246700 4.426590
-75.527500 -43.483800 2.275010
-75.500300 -42.902600 3.425060
-75.418500 -42.366700 5.467230
-75.391300 -41.694700 6.900370
-75.164200 -41.004400 5.584860
-75.155200 -40.577600 3.300160
-74.928100 -40.087200 2.360420
-74.909700 -39.831200 3.537610
-74.891800 -39.505900 5.574090
-74.882700 -39.278900 6.182060
-74.837300 -38.779300 7.189080
-74.746500 -38.488700 8.880780
-74.555700 -38.216300 9.934260
-74.501300 -37.889300 8.918970
-74.510300 -37.562300 7.767470
-74.492200 -37.235400 7.606040
-74.337800 -36.717700 9.859580
-74.147100 -36.209100 18.003240
-73.820100 -35.673300 26.605460
-73.511300 -34.919500 24.677380
-73.263700 -34.313700 20.072020
-73.021900 -33.951100 16.014380
-72.750000 -32.802800 1.635830
-72.689200 -32.000900 1.457010
-72.570900 -31.019900 2.983270
-72.555300 -30.657900 4.022470
-72.508600 -30.368600 5.152430
-72.471300 -30.079300 6.000190
-72.415300 -29.743400 7.362600
-72.340700 -29.454100 9.637610
-72.266000 -29.024800 14.415660
-72.172700 -28.604900 16.465940
-72.032700 -28.147600 14.894870
-71.883400 -27.774300 11.898290
-71.752700 -27.326400 9.394340
-71.696700 -26.962400 7.838820
-71.603400 -26.421200 5.958410
-71.510100 -25.935900 3.615570
-71.454100 -25.581300 3.503590
-71.416800 -25.114700 6.691830
-71.398100 -24.610700 8.518290
-71.360800 -24.088100 8.326440
-71.323500 -23.453600 6.263210
-71.230100 -22.557700 2.705050
-71.127500 -21.391200 357.125370
-71.220800 -20.168700 348.221770
