! lat[deg] lon[deg] depth[km] length[km] width[km] dip[deg] strike[deg] rake [deg] slip_amp[m]
-29.1512 -72.1231 11.7124 17.0600 11.2500 9.0596 10.8821 92.0013 1.4784
-29.1745 -72.0245 13.4145 17.0600 11.2500 10.5709 10.7688 92.2239 2.3335
-29.1977 -71.9260 15.4117 17.0600 11.2500 12.2686 10.6894 92.4465 3.3169
-29.2209 -71.8274 17.7288 17.0600 11.2500 14.1346 10.6512 92.6691 2.8460
-29.2441 -71.7288 20.3912 17.0600 11.2500 16.1295 10.6493 92.8917 3.3091
-29.2673 -71.6303 23.4457 17.0600 11.2500 18.1917 10.6712 93.1143 2.6267
-29.2905 -71.5317 26.8789 17.0600 11.2500 20.2186 10.7107 93.3369 3.1628
-29.3020 -71.4331 30.6081 17.0600 11.2500 22.0422 10.8688 93.3677 2.8582
-29.3138 -71.3346 34.6655 17.0600 11.2500 23.6127 11.0244 93.4045 1.8712
-29.3222 -71.2360 38.9722 17.0600 11.2500 24.8211 11.2028 93.3874 1.2962
-29.3370 -71.1375 43.5473 17.0600 11.2500 25.6210 11.2998 93.4721 1.2476
-29.3425 -71.0389 48.1421 17.0600 11.2500 25.9242 11.4783 93.4070 0.4732
-29.3602 -70.9403 52.8762 17.0600 11.2500 25.7418 11.5174 93.5397 0.0066
-29.3628 -70.8418 57.3604 17.0600 11.2500 25.0884 11.7103 93.4266 0.0052
-29.3830 -70.7432 61.8465 17.0600 11.2500 23.9519 11.7343 93.6012 0.0056
-29.3834 -70.6446 65.8669 17.0600 11.2500 22.4695 11.9887 93.4523 0.0046
-29.4033 -72.1492 12.0724 17.0600 11.2500 9.3812 8.7006 93.5607 1.3808
-29.4066 -72.0500 13.7767 17.0600 11.2500 10.8970 8.7491 94.6794 2.3339
-29.4236 -71.9508 15.8105 17.0600 11.2500 12.6325 8.7176 95.8065 4.0791
-29.4299 -71.8515 18.1244 17.0600 11.2500 14.4990 8.7959 96.1056 3.6057
-29.4439 -71.7523 20.8246 17.0600 11.2500 16.5157 8.8396 96.1772 4.7071
-29.4527 -71.6531 23.8707 17.0600 11.2500 18.5574 8.9493 96.1649 3.3856
-29.4531 -71.5539 27.2414 17.0600 11.2500 20.5099 9.1489 96.0151 3.1523
-29.4641 -71.4547 31.0434 17.0600 11.2500 22.3379 9.2734 96.0387 2.8967
-29.4700 -71.3555 35.1415 17.0600 11.2500 23.8681 9.4452 95.9782 2.0896
-29.4763 -71.2563 39.5110 17.0600 11.2500 25.0313 9.6143 95.9246 1.4900
-29.4844 -71.1571 44.0893 17.0600 11.2500 25.7591 9.7633 95.9003 1.2323
-29.4873 -71.0579 48.7176 17.0600 11.2500 26.0061 9.9602 95.7915 0.4923
-29.4995 -70.9586 53.4347 17.0600 11.2500 25.7612 10.0688 95.8341 0.0065
-29.5046 -70.8594 57.9797 17.0600 11.2500 25.0391 10.2636 95.7608 0.0048
-29.5047 -70.7602 62.2871 17.0600 11.2500 23.8941 10.5343 95.6058 0.0049
-29.5219 -70.6610 66.4722 17.0600 11.2500 22.3353 10.7184 95.7301 0.0038
-29.5249 -72.1754 11.9876 17.0600 11.2500 9.3086 7.7687 93.3405 1.3936
-29.5392 -72.0756 13.7211 17.0600 11.2500 10.8589 7.7569 94.4723 2.7667
-29.5452 -71.9758 15.7183 17.0600 11.2500 12.5719 7.8149 95.5989 4.4105
-29.5565 -71.8760 18.0534 17.0600 11.2500 14.4700 7.8533 96.7289 4.7655
-29.5655 -71.7763 20.7395 17.0600 11.2500 16.4889 7.9231 97.8573 5.6629
-29.5738 -71.6765 23.7982 17.0600 11.2500 18.5530 8.0116 98.1713 4.7014
-29.5857 -71.5767 27.2601 17.0600 11.2500 20.5760 8.0891 98.2085 3.6733
-29.5911 -71.4770 31.0550 17.0600 11.2500 22.4064 8.2228 98.1388 2.9063
-29.6041 -71.3772 35.2448 17.0600 11.2500 23.9731 8.3057 98.1940 2.6010
-29.6060 -71.2774 39.6262 17.0600 11.2500 25.1299 8.4783 98.0674 1.4301
-29.6084 -71.1776 44.2028 17.0600 11.2500 25.8444 8.6531 97.9495 1.1396
-29.6192 -71.0779 48.9469 17.0600 11.2500 26.0779 8.7712 97.9688 0.5058
-29.6257 -70.9781 53.6495 17.0600 11.2500 25.8162 8.9394 97.9170 0.0055
-29.6343 -70.8783 58.2647 17.0600 11.2500 25.0784 9.1216 97.9004 0.0058
-29.6430 -70.7786 62.6820 17.0600 11.2500 23.9053 9.3589 97.8846 0.0047
-29.6494 -70.6788 66.8044 17.0600 11.2500 22.3659 9.7048 97.8320 0.0035
-29.6603 -72.2131 11.7056 17.0600 11.2500 9.0712 6.8151 92.9986 1.5094
-29.6645 -72.1130 13.3768 17.0600 11.2500 10.5786 6.9189 94.1282 2.4339
-29.6776 -72.0129 15.3513 17.0600 11.2500 12.2925 6.9668 95.2632 4.7351
-29.6796 -71.9127 17.6064 17.0600 11.2500 14.1506 7.0745 96.3915 5.7090
-29.6947 -71.8126 20.2639 17.0600 11.2500 16.1901 7.1120 97.5278 7.3343
-29.6949 -71.7125 23.2397 17.0600 11.2500 18.2473 7.2339 98.6549 6.3835
-29.7098 -71.6123 26.6704 17.0600 11.2500 20.3174 7.2847 99.7911 4.2065
-29.7122 -71.5122 30.4156 17.0600 11.2500 22.1940 7.4095 100.1638 3.8693
-29.7249 -71.4121 34.5736 17.0600 11.2500 23.8288 7.4848 100.2125 2.9806
-29.7400 -71.3119 39.0474 17.0600 11.2500 25.0868 7.5498 100.3004 1.9261
-29.7551 -71.2118 43.7323 17.0600 11.2500 25.8927 7.6263 100.3884 1.0781
-29.7557 -71.1117 48.4287 17.0600 11.2500 26.1847 7.7984 100.2410 0.0082
-29.7687 -71.0116 53.2243 17.0600 11.2500 25.9925 7.9311 100.2946 0.0055
-29.7701 -70.9114 57.8427 17.0600 11.2500 25.3169 8.1670 100.1614 0.0052
-29.7816 -70.8113 62.3484 17.0600 11.2500 24.2063 8.4236 100.1908 0.0050
-29.7852 -70.7112 66.5307 17.0600 11.2500 22.7344 8.8317 100.0919 0.0033
-29.7946 -72.2524 11.3716 17.0600 11.2500 8.7983 5.9707 92.6384 1.8293
-29.8003 -72.1520 12.9978 17.0600 11.2500 10.2817 6.1151 93.7723 2.3045
-29.8076 -72.0516 14.9033 17.0600 11.2500 11.9536 6.2431 94.9071 4.5872
-29.8154 -71.9511 17.1231 17.0600 11.2500 13.8098 6.3549 96.0422 4.9599
-29.8206 -71.8507 19.6818 17.0600 11.2500 15.8097 6.4661 97.1758 8.2423
-29.8305 -71.7503 22.6352 17.0600 11.2500 17.9103 6.5486 98.3122 7.4096
-29.8335 -71.6499 25.9525 17.0600 11.2500 19.9770 6.6567 99.4444 5.6248
-29.8465 -71.5494 29.7071 17.0600 11.2500 21.9436 6.7231 100.5827 4.2909
-29.8595 -71.4490 33.8285 17.0600 11.2500 23.6532 6.7967 101.7210 3.2044
-29.8725 -71.3486 38.2622 17.0600 11.2500 24.9968 6.8789 102.5132 2.0563
-29.8855 -71.2482 42.9305 17.0600 11.2500 25.8928 6.9727 102.5664 1.9172
-29.8984 -71.1477 47.7360 17.0600 11.2500 26.2961 7.0852 102.6195 0.4261
-29.9082 -71.0473 52.5499 17.0600 11.2500 26.1922 7.2467 102.6202 0.0054
-29.9114 -70.9469 57.2445 17.0600 11.2500 25.6072 7.4818 102.5147 0.0052
-29.9201 -70.8465 61.8075 17.0600 11.2500 24.5921 7.7818 102.4976 0.0049
-29.9244 -70.7460 66.0923 17.0600 11.2500 23.2106 8.2179 102.4099 0.0037
-29.9320 -72.2779 11.2287 17.0600 11.2500 8.7128 5.2591 92.4358 1.5748
-29.9374 -72.1773 12.8435 17.0600 11.2500 10.1960 5.4442 93.5710 2.3183
-29.9438 -72.0768 14.7308 17.0600 11.2500 11.8605 5.6110 94.7068 4.4021
-29.9503 -71.9762 16.9318 17.0600 11.2500 13.7093 5.7606 95.8427 5.1194
-29.9557 -71.8757 19.4740 17.0600 11.2500 15.7084 5.8966 96.9779 5.8869
-29.9676 -71.7751 22.4194 17.0600 11.2500 17.8196 5.9949 98.1170 7.1110
-29.9795 -71.6745 25.7559 17.0600 11.2500 19.9270 6.0832 99.2562 6.4640
-29.9914 -71.5740 29.4970 17.0600 11.2500 21.9110 6.1696 100.3954 5.4009
-30.0033 -71.4734 33.6079 17.0600 11.2500 23.6464 6.2594 101.5345 3.2698
-30.0151 -71.3729 38.0375 17.0600 11.2500 25.0210 6.3601 102.6737 1.7441
-30.0270 -71.2723 42.7069 17.0600 11.2500 25.9546 6.4768 103.8129 0.7997
-30.0389 -71.1717 47.5194 17.0600 11.2500 26.4053 6.6169 104.9421 0.4251
-30.0508 -71.0712 52.3767 17.0600 11.2500 26.3518 6.7986 104.9772 0.0066
-30.0607 -70.9706 57.1569 17.0600 11.2500 25.8229 7.0496 104.9799 0.0057
-30.0627 -70.8701 61.7274 17.0600 11.2500 24.8678 7.4059 104.8542 0.0060
-30.0715 -70.7695 66.1068 17.0600 11.2500 23.5591 7.8916 104.8391 0.0029
-30.0746 -72.3034 11.0618 17.0600 11.2500 8.6141 4.6956 92.2364 0.0227
-30.0823 -72.2027 12.6594 17.0600 11.2500 10.0974 4.8766 93.3744 1.2185
-30.0865 -72.1020 14.5257 17.0600 11.2500 11.7550 5.0611 94.5102 3.7994
-30.0931 -72.0013 16.7064 17.0600 11.2500 13.6008 5.2234 95.6475 4.1334
-30.1039 -71.9007 19.2453 17.0600 11.2500 15.6172 5.3552 96.7874 4.8616
-30.1146 -71.8000 22.1650 17.0600 11.2500 17.7348 5.4723 97.9273 8.2040
-30.1254 -71.6993 25.4864 17.0600 11.2500 19.8592 5.5794 99.0672 6.6965
-30.1362 -71.5986 29.2089 17.0600 11.2500 21.8706 5.6838 100.2070 5.1377
-30.1470 -71.4979 33.3079 17.0600 11.2500 23.6434 5.7928 101.3469 3.1981
-30.1578 -71.3972 37.7327 17.0600 11.2500 25.0640 5.9137 102.4868 1.9764
-30.1686 -71.2966 42.4069 17.0600 11.2500 26.0496 6.0541 103.6267 0.1581
-30.1794 -71.1959 47.2387 17.0600 11.2500 26.5503 6.2254 104.7666 0.0373
-30.1902 -71.0952 52.1243 17.0600 11.2500 26.5554 6.4435 105.9065 0.0072
-30.2010 -70.9945 56.9593 17.0600 11.2500 26.0905 6.7295 107.0463 0.0055
-30.2118 -70.8938 61.6497 17.0600 11.2500 25.2081 7.1164 107.3162 0.0058
-30.2134 -70.7931 66.0584 17.0600 11.2500 23.9713 7.6580 107.1850 0.0037
-30.2226 -72.3242 10.9593 17.0600 11.2500 8.5690 4.3345 92.0929 0.0305
-30.2234 -72.2234 12.5387 17.0600 11.2500 10.0464 4.4875 93.2277 0.0262
-30.2333 -72.1227 14.4077 17.0600 11.2500 11.7202 4.6231 94.3680 1.3817
-30.2433 -72.0219 16.5915 17.0600 11.2500 13.5793 4.7499 95.5083 7.1803
-30.2532 -71.9211 19.1216 17.0600 11.2500 15.5976 4.8694 96.6487 6.8706
-30.2632 -71.8203 22.0354 17.0600 11.2500 17.7211 4.9789 97.7890 12.8127
-30.2731 -71.7196 25.3449 17.0600 11.2500 19.8560 5.0856 98.9294 12.6255
-30.2830 -71.6188 29.0665 17.0600 11.2500 21.8857 5.1934 100.0697 8.2475
-30.2930 -71.5180 33.1620 17.0600 11.2500 23.6851 5.3119 101.2101 4.1896
-30.3029 -71.4173 37.5892 17.0600 11.2500 25.1403 5.4475 102.3504 1.9807
-30.3129 -71.3165 42.2766 17.0600 11.2500 26.1631 5.6092 103.4908 1.6726
-30.3228 -71.2157 47.1291 17.0600 11.2500 26.7069 5.8087 104.6311 1.0937
-30.3328 -71.1149 52.0428 17.0600 11.2500 26.7630 6.0591 105.7714 0.4452
-30.3427 -71.0142 56.9205 17.0600 11.2500 26.3516 6.3888 106.9118 0.0066
-30.3526 -70.9134 61.6644 17.0600 11.2500 25.5311 6.8213 108.0521 0.0051
-30.3626 -70.8126 66.1999 17.0600 11.2500 24.3732 7.4026 109.1925 0.0034
-30.3662 -72.3439 10.8502 17.0600 11.2500 8.5020 4.1747 91.9589 0.0417
-30.3754 -72.2431 12.4308 17.0600 11.2500 9.9965 4.2340 93.0996 0.7424
-30.3845 -72.1422 14.2864 17.0600 11.2500 11.6704 4.3029 94.2404 7.0084
-30.3937 -72.0414 16.4560 17.0600 11.2500 13.5304 4.3707 95.3811 9.6657
-30.4028 -71.9405 18.9765 17.0600 11.2500 15.5552 4.4381 96.5218 10.1114
-30.4120 -71.8397 21.8782 17.0600 11.2500 17.6887 4.5092 97.6625 15.4759
-30.4211 -71.7388 25.1814 17.0600 11.2500 19.8415 4.5875 98.8032 17.9503
-30.4303 -71.6380 28.8910 17.0600 11.2500 21.8978 4.6775 99.9439 19.2133
-30.4394 -71.5372 32.9841 17.0600 11.2500 23.7324 4.7860 101.0846 7.1928
-30.4486 -71.4363 37.4210 17.0600 11.2500 25.2280 4.9198 102.2253 2.8519
-30.4577 -71.3355 42.1223 17.0600 11.2500 26.2982 5.0876 103.3660 2.3975
-30.4669 -71.2346 46.9993 17.0600 11.2500 26.8925 5.3004 104.5067 2.2984
-30.4761 -71.1338 51.9532 17.0600 11.2500 26.9989 5.5752 105.6474 1.4059
-30.4852 -71.0329 56.8753 17.0600 11.2500 26.6468 5.9274 106.7881 0.0579
-30.4944 -70.9321 61.6814 17.0600 11.2500 25.8872 6.3928 107.9288 0.0055
-30.5035 -70.8312 66.2894 17.0600 11.2500 24.7960 7.0003 109.0695 0.0040
-30.5188 -72.3683 10.6908 17.0600 11.2500 8.3605 4.1793 91.7785 0.1234
-30.5269 -72.2673 12.2440 17.0600 11.2500 9.8429 4.1346 92.9196 2.7151
-30.5350 -72.1664 14.0693 17.0600 11.2500 11.5040 4.1067 94.0606 11.6111
-30.5431 -72.0655 16.2022 17.0600 11.2500 13.3501 4.0930 95.2017 10.6841
-30.5513 -71.9645 18.6833 17.0600 11.2500 15.3674 4.0861 96.3427 12.1286
-30.5594 -71.8636 21.5439 17.0600 11.2500 17.5043 4.0940 97.4838 19.3636
-30.5675 -71.7627 24.8055 17.0600 11.2500 19.6756 4.1219 98.6249 23.3784
-30.5756 -71.6617 28.4819 17.0600 11.2500 21.7696 4.1667 99.7659 24.8896
-30.5837 -71.5608 32.5496 17.0600 11.2500 23.6583 4.2416 100.9070 11.1969
-30.5918 -71.4599 36.9664 17.0600 11.2500 25.2248 4.3516 102.0481 5.1157
-30.5999 -71.3589 41.6682 17.0600 11.2500 26.3760 4.5025 103.1891 3.2732
-30.6081 -71.2580 46.5612 17.0600 11.2500 27.0567 4.7053 104.3302 3.1102
-30.6162 -71.1571 51.5490 17.0600 11.2500 27.2518 4.9723 105.4713 2.1611
-30.6243 -71.0561 56.5282 17.0600 11.2500 26.9846 5.3219 106.6123 1.1447
-30.6324 -70.9552 61.4051 17.0600 11.2500 26.3080 5.7770 107.7534 0.3672
-30.6405 -70.8542 66.1017 17.0600 11.2500 25.2944 6.3666 108.8945 0.0049
-30.6714 -72.3922 10.5384 17.0600 11.2500 8.2021 4.2798 91.6028 0.1718
-30.6784 -72.2912 12.0581 17.0600 11.2500 9.6616 4.1543 92.7441 5.2191
-30.6855 -72.1902 13.8471 17.0600 11.2500 11.3010 4.0372 93.8854 12.1837
-30.6926 -72.0891 15.9421 17.0600 11.2500 13.1296 3.9294 95.0267 11.7717
-30.6996 -71.9881 18.3782 17.0600 11.2500 15.1335 3.8406 96.1680 14.2659
-30.7067 -71.8871 21.1910 17.0600 11.2500 17.2687 3.7734 97.3093 18.5864
-30.7138 -71.7861 24.4085 17.0600 11.2500 19.4562 3.7282 98.4506 24.4176
-30.7208 -71.6851 28.0348 17.0600 11.2500 21.5842 3.7187 99.5919 23.8703
-30.7279 -71.5841 32.0665 17.0600 11.2500 23.5286 3.7371 100.7332 14.2623
-30.7350 -71.4831 36.4585 17.0600 11.2500 25.1680 3.7983 101.8746 6.8385
-30.7421 -71.3821 41.1475 17.0600 11.2500 26.4060 3.9075 103.0159 4.9944
-30.7491 -71.2810 46.0517 17.0600 11.2500 27.1809 4.0698 104.1572 4.8240
-30.7562 -71.1800 51.0683 17.0600 11.2500 27.4722 4.2986 105.2985 3.7573
-30.7633 -71.0790 56.0942 17.0600 11.2500 27.2985 4.6097 106.4398 1.6823
-30.7703 -70.9780 61.0376 17.0600 11.2500 26.7091 5.0181 107.5811 0.9612
-30.7774 -70.8770 65.8213 17.0600 11.2500 25.7750 5.5413 108.7224 0.0050
-30.8242 -72.3988 10.6307 17.0600 11.2500 8.2674 4.3710 91.6225 1.8252
-30.8305 -72.2977 12.1592 17.0600 11.2500 9.7272 4.1937 92.7639 6.5073
-30.8368 -72.1966 13.9570 17.0600 11.2500 11.3683 4.0158 93.9053 12.7555
-30.8430 -72.0956 16.0597 17.0600 11.2500 13.1995 3.8445 95.0468 11.8012
-30.8493 -71.9945 18.5054 17.0600 11.2500 15.2090 3.6855 96.1882 13.2101
-30.8556 -71.8934 21.3285 17.0600 11.2500 17.3520 3.5484 97.3296 17.5337
-30.8619 -71.7924 24.5556 17.0600 11.2500 19.5490 3.4376 98.4710 28.1947
-30.8682 -71.6913 28.1974 17.0600 11.2500 21.6897 3.3581 99.6124 20.2420
-30.8745 -71.5902 32.2436 17.0600 11.2500 23.6486 3.3122 100.7538 12.9441
-30.8808 -71.4892 36.6547 17.0600 11.2500 25.3052 3.3097 101.8952 8.4180
-30.8871 -71.3881 41.3679 17.0600 11.2500 26.5626 3.3545 103.0366 6.3402
-30.8934 -71.2870 46.2984 17.0600 11.2500 27.3598 3.4541 104.1780 6.9305
-30.8997 -71.1860 51.3477 17.0600 11.2500 27.6761 3.6180 105.3195 4.2375
-30.9060 -71.0849 56.4134 17.0600 11.2500 27.5286 3.8539 106.4609 2.1798
-30.9123 -70.9838 61.4013 17.0600 11.2500 26.9668 4.1768 107.6023 1.1397
-30.9186 -70.8828 66.2285 17.0600 11.2500 26.0582 4.6102 108.7437 0.1565
-30.9770 -72.4053 10.7315 17.0600 11.2500 8.3331 4.4187 91.6422 4.4826
-30.9825 -72.3042 12.2675 17.0600 11.2500 9.7867 4.2333 92.7837 7.2401
-30.9880 -72.2031 14.0706 17.0600 11.2500 11.4212 4.0320 93.9251 13.1195
-30.9935 -72.1020 16.1768 17.0600 11.2500 13.2460 3.8239 95.0665 11.7052
-30.9990 -72.0009 18.6242 17.0600 11.2500 15.2500 3.6171 96.2080 13.9907
-31.0046 -71.8998 21.4483 17.0600 11.2500 17.3906 3.4216 97.3174 21.9386
-31.0101 -71.7987 24.6777 17.0600 11.2500 19.5888 3.2442 98.4201 26.1678
-31.0156 -71.6976 28.3219 17.0600 11.2500 21.7349 3.0920 99.5228 19.8082
-31.0211 -71.5964 32.3703 17.0600 11.2500 23.7042 2.9718 100.6255 11.6858
-31.0266 -71.4953 36.7872 17.0600 11.2500 25.3763 2.8856 101.7282 10.2096
-31.0321 -71.3942 41.5096 17.0600 11.2500 26.6543 2.8421 102.8309 6.4067
-31.0376 -71.2931 46.4540 17.0600 11.2500 27.4767 2.8460 103.9336 7.9094
-31.0432 -71.1920 51.5223 17.0600 11.2500 27.8213 2.9071 105.0363 4.6150
-31.0487 -71.0909 56.6151 17.0600 11.2500 27.7050 3.0243 106.1390 2.7003
-31.0542 -70.9898 61.6353 17.0600 11.2500 27.1731 3.2115 107.2416 1.2673
-31.0597 -70.8887 66.5022 17.0600 11.2500 26.2922 3.4825 108.3443 0.4295
-31.1300 -72.4201 10.7240 17.0600 11.2500 8.2970 4.4225 90.6561 3.5907
-31.1350 -72.3189 12.2490 17.0600 11.2500 9.7283 4.2697 91.7625 6.2832
-31.1400 -72.2178 14.0368 17.0600 11.2500 11.3367 4.0822 92.8689 14.8634
-31.1450 -72.1167 16.1225 17.0600 11.2500 13.1324 3.8675 93.9754 12.2959
-31.1500 -72.0155 18.5430 17.0600 11.2500 15.1070 3.6343 95.0818 15.0822
-31.1549 -71.9144 21.3342 17.0600 11.2500 17.2213 3.3920 96.1882 22.2074
-31.1599 -71.8133 24.5229 17.0600 11.2500 19.4031 3.1529 97.2946 27.2878
-31.1649 -71.7121 28.1235 17.0600 11.2500 21.5468 2.9232 98.4011 18.9076
-31.1699 -71.6110 32.1281 17.0600 11.2500 23.5313 2.7106 99.5075 12.9728
-31.1749 -71.5098 36.5042 17.0600 11.2500 25.2373 2.5223 100.6139 9.9034
-31.1798 -71.4087 41.1936 17.0600 11.2500 26.5655 2.3634 101.7203 7.6567
-31.1848 -71.3076 46.1163 17.0600 11.2500 27.4499 2.2350 102.8268 7.6205
-31.1898 -71.2064 51.1775 17.0600 11.2500 27.8637 2.1514 103.9332 6.1876
-31.1948 -71.1053 56.2774 17.0600 11.2500 27.8170 2.1063 105.0396 2.9685
-31.1998 -71.0042 61.3211 17.0600 11.2500 27.3514 2.1070 106.1460 1.6711
-31.2047 -70.9030 66.2241 17.0600 11.2500 26.5280 2.1568 107.2525 0.7373
-31.2832 -72.4386 10.6557 17.0600 11.2500 8.2213 4.3526 91.0480 4.0294
-31.2877 -72.3374 12.1643 17.0600 11.2500 9.6239 4.2676 91.3626 6.8855
-31.2923 -72.2363 13.9286 17.0600 11.2500 11.1960 4.1251 91.6841 13.3983
-31.2969 -72.1351 15.9830 17.0600 11.2500 12.9491 3.9308 92.7935 13.9611
-31.3014 -72.0340 18.3635 17.0600 11.2500 14.8778 3.6913 93.9028 16.8959
-31.3060 -71.9328 21.1051 17.0600 11.2500 16.9484 3.4159 95.0122 19.2217
-31.3105 -71.8316 24.2353 17.0600 11.2500 19.0965 3.1195 96.1215 20.9257
-31.3151 -71.7305 27.7701 17.0600 11.2500 21.2208 2.8075 97.2309 15.3454
-31.3197 -71.6293 31.7053 17.0600 11.2500 23.2118 2.5045 98.3402 12.4892
-31.3242 -71.5282 36.0115 17.0600 11.2500 24.9433 2.1976 99.4496 9.0962
-31.3288 -71.4270 40.6375 17.0600 11.2500 26.3216 1.9122 100.5589 7.8609
-31.3333 -71.3258 45.5090 17.0600 11.2500 27.2741 1.6533 101.6683 7.0406
-31.3379 -71.2247 50.5316 17.0600 11.2500 27.7657 1.4049 102.7777 6.4719
-31.3424 -71.1235 55.6094 17.0600 11.2500 27.8015 1.1769 103.8870 3.1726
-31.3470 -71.0224 60.6479 17.0600 11.2500 27.4166 0.9692 104.9964 2.2676
-31.3516 -70.9212 65.5633 17.0600 11.2500 26.6681 0.7829 106.1057 1.4321
-31.4363 -72.4571 10.5858 17.0600 11.2500 8.1628 4.1941 91.6869 3.7949
-31.4405 -72.3559 12.0778 17.0600 11.2500 9.5377 4.1863 91.9997 6.0012
-31.4446 -72.2547 13.8201 17.0600 11.2500 11.0717 4.1068 92.3124 9.5409
-31.4487 -72.1536 15.8441 17.0600 11.2500 12.7761 3.9520 92.6252 12.8441
-31.4529 -72.0524 18.1834 17.0600 11.2500 14.6489 3.7235 92.9380 12.3250
-31.4570 -71.9512 20.8719 17.0600 11.2500 16.6621 3.4307 93.8360 13.7875
-31.4612 -71.8500 23.9374 17.0600 11.2500 18.7587 3.0873 94.9483 17.5406
-31.4653 -71.7489 27.3989 17.0600 11.2500 20.8493 2.7086 96.0605 16.0834
-31.4694 -71.6477 31.2533 17.0600 11.2500 22.8242 2.3105 97.1728 13.2479
-31.4736 -71.5465 35.4767 17.0600 11.2500 24.5686 1.9036 98.2851 9.2064
-31.4777 -71.4453 40.0213 17.0600 11.2500 25.9814 1.4963 99.3973 7.9151
-31.4818 -71.3441 44.8161 17.0600 11.2500 26.9879 1.0901 100.5096 7.0878
-31.4860 -71.2430 49.7762 17.0600 11.2500 27.5498 0.6902 101.6219 6.0809
-31.4901 -71.1418 54.8078 17.0600 11.2500 27.6631 0.2980 102.7341 4.0425
-31.4943 -71.0406 59.8141 17.0600 11.2500 27.3571 318.5271 103.8464 2.9444
-31.4984 -70.9394 64.7131 17.0600 11.2500 26.6852 359.4964 104.9587 1.6486
-31.5895 -72.4756 10.5117 17.0600 11.2500 8.1203 3.9105 92.3259 3.3010
-31.5932 -72.3744 11.9935 17.0600 11.2500 9.4727 3.9821 92.6367 6.1105
-31.5969 -72.2732 13.7191 17.0600 11.2500 10.9706 3.9704 92.9476 9.9551
-31.6006 -72.1720 15.7182 17.0600 11.2500 12.6244 3.8661 93.2585 12.8840
-31.6043 -72.0708 18.0219 17.0600 11.2500 14.4332 3.6649 93.5694 8.8100
-31.6081 -71.9696 20.6614 17.0600 11.2500 16.3734 3.3729 93.8803 12.1234
-31.6118 -71.8684 23.6628 17.0600 11.2500 18.3977 3.0034 94.1912 19.4802
-31.6155 -71.7672 27.0430 17.0600 11.2500 20.4274 2.5744 94.8901 17.6030
-31.6192 -71.6660 30.8052 17.0600 11.2500 22.3662 2.1080 96.0052 16.2321
-31.6229 -71.5649 34.9249 17.0600 11.2500 24.0953 1.6095 97.1204 9.9589
-31.6266 -71.4637 39.3652 17.0600 11.2500 25.5261 1.1008 98.2355 9.9000
-31.6304 -71.3625 44.0609 17.0600 11.2500 26.5776 0.5843 99.3507 9.4229
-31.6341 -71.2613 48.9339 17.0600 11.2500 27.2047 164.1518 100.4658 6.6588
-31.6378 -71.1601 53.8857 17.0600 11.2500 27.3951 359.5305 101.5810 4.6025
-31.6415 -71.0589 58.8337 17.0600 11.2500 27.1715 358.9861 102.6961 2.4347
-31.6452 -70.9577 63.6921 17.0600 11.2500 26.5810 358.4236 103.8113 2.2546
-31.7426 -72.4941 10.4165 17.0600 11.2500 8.0781 3.4889 92.9648 2.7978
-31.7459 -72.3929 11.8872 17.0600 11.2500 9.4122 3.6244 93.2738 5.7537
-31.7492 -72.2917 13.5981 17.0600 11.2500 10.8768 3.6791 93.5828 9.3131
-31.7525 -72.1905 15.5740 17.0600 11.2500 12.4797 3.6321 93.8918 11.8547
-31.7558 -72.0893 17.8433 17.0600 11.2500 14.2210 3.4739 94.2009 9.8556
-31.7591 -71.9881 20.4338 17.0600 11.2500 16.0838 3.2052 94.5099 12.2520
-31.7624 -71.8868 23.3702 17.0600 11.2500 18.0274 2.8373 94.8189 15.8628
-31.7657 -71.7856 26.6691 17.0600 11.2500 19.9845 2.3888 95.1279 17.7614
-31.7690 -71.6844 30.3313 17.0600 11.2500 21.8619 1.8795 95.4370 19.1919
-31.7723 -71.5832 34.3446 17.0600 11.2500 23.5679 1.3318 95.9555 16.5197
-31.7756 -71.4820 38.6757 17.0600 11.2500 25.0051 0.7628 97.0735 11.5015
-31.7789 -71.3808 43.2596 17.0600 11.2500 26.0880 0.1766 98.1915 7.7760
-31.7822 -71.2796 48.0242 17.0600 11.2500 26.7693 359.5786 99.3096 7.4616
-31.7855 -71.1784 52.8801 17.0600 11.2500 27.0313 358.9642 100.4276 5.2706
-31.7887 -71.0772 57.7499 17.0600 11.2500 26.8879 358.3354 101.5456 3.0651
-31.7920 -70.9760 62.5464 17.0600 11.2500 26.3796 357.6818 102.6636 2.6173
-31.8958 -72.5126 10.3079 17.0600 11.2500 8.0333 2.9453 93.6037 2.1680
-31.8987 -72.4114 11.7670 17.0600 11.2500 9.3542 3.1238 93.9108 4.8058
-31.9015 -72.3102 13.4614 17.0600 11.2500 10.7898 3.2307 94.2180 11.2460
-31.9044 -72.2089 15.4144 17.0600 11.2500 12.3446 3.2416 94.5251 11.9286
-31.9073 -72.1077 17.6491 17.0600 11.2500 14.0199 3.1379 94.8323 12.8979
-31.9101 -72.0065 20.1912 17.0600 11.2500 15.7999 2.9166 95.1394 14.8172
-31.9130 -71.9053 23.0618 17.0600 11.2500 17.6575 2.5811 95.4466 18.8739
-31.9159 -71.8041 26.2768 17.0600 11.2500 19.5331 2.1504 95.7537 17.7394
-31.9188 -71.7028 29.8403 17.0600 11.2500 21.3505 1.6459 96.0609 20.4903
-31.9216 -71.6016 33.7418 17.0600 11.2500 23.0215 1.0901 96.3680 16.0805
-31.9245 -71.5004 37.9494 17.0600 11.2500 24.4519 0.5022 96.6752 11.8552
-31.9274 -71.3992 42.4142 17.0600 11.2500 25.5620 359.8954 97.0321 8.1796
-31.9302 -71.2980 47.0677 17.0600 11.2500 26.2957 359.2764 98.1530 8.3771
-31.9331 -71.1967 51.8278 17.0600 11.2500 26.6275 358.6462 99.2739 7.2247
-31.9360 -71.0955 56.6124 17.0600 11.2500 26.5627 358.0007 100.3948 3.9957
-31.9389 -70.9943 61.3407 17.0600 11.2500 26.1346 357.3328 101.5157 2.3999
-32.0491 -72.5291 10.2025 17.0600 11.2500 7.9968 2.3660 94.2491 2.6208
-32.0517 -72.4278 11.6529 17.0600 11.2500 9.3126 2.5571 94.5550 5.5899
-32.0543 -72.3266 13.3371 17.0600 11.2500 10.7288 2.6938 94.8609 13.2713
-32.0569 -72.2254 15.2741 17.0600 11.2500 12.2454 2.7482 95.1669 14.2452
-32.0595 -72.1241 17.4837 17.0600 11.2500 13.8626 2.6976 95.4728 17.4368
-32.0620 -72.0229 19.9881 17.0600 11.2500 15.5665 2.5338 95.7787 19.8473
-32.0646 -71.9217 22.8046 17.0600 11.2500 17.3366 2.2549 96.0846 17.8388
-32.0672 -71.8205 25.9490 17.0600 11.2500 19.1318 1.8719 96.3905 21.0019
-32.0698 -71.7192 29.4223 17.0600 11.2500 20.8724 1.4133 96.6964 19.6626
-32.0724 -71.6180 33.2228 17.0600 11.2500 22.4970 0.8913 97.0024 17.5860
-32.0750 -71.5168 37.3136 17.0600 11.2500 23.9033 0.3380 97.3083 17.3075
-32.0776 -71.4156 41.6604 17.0600 11.2500 25.0259 359.7614 97.6142 10.0993
-32.0802 -71.3143 46.2030 17.0600 11.2500 25.8018 359.1720 97.9201 10.2078
-32.0828 -71.2131 50.8595 17.0600 11.2500 26.1955 358.5782 98.2260 7.5163
-32.0854 -71.1119 55.5512 17.0600 11.2500 26.2050 357.9784 99.2523 5.4745
-32.0880 -71.0107 60.2101 17.0600 11.2500 25.8531 357.3592 100.3750 3.0186
-32.2027 -72.5407 10.1347 17.0600 11.2500 7.9948 1.8922 94.9100 3.9362
-32.2053 -72.4395 11.5837 17.0600 11.2500 9.3145 2.0629 95.2162 8.7522
-32.2080 -72.3382 13.2648 17.0600 11.2500 10.7221 2.1982 95.5224 14.5544
-32.2107 -72.2370 15.1960 17.0600 11.2500 12.2136 2.2688 95.8286 17.0236
-32.2133 -72.1358 17.3945 17.0600 11.2500 13.7834 2.2536 96.1348 17.7678
-32.2160 -72.0346 19.8755 17.0600 11.2500 15.4288 2.1361 96.4410 23.3281
-32.2186 -71.9333 22.6561 17.0600 11.2500 17.1211 1.9185 96.7471 24.4656
-32.2213 -71.8321 25.7476 17.0600 11.2500 18.8327 1.6037 97.0533 20.4157
-32.2239 -71.7309 29.1545 17.0600 11.2500 20.5062 1.2104 97.3595 21.7008
-32.2266 -71.6297 32.8729 17.0600 11.2500 22.0754 0.7548 97.6657 17.8563
-32.2292 -71.5284 36.8706 17.0600 11.2500 23.4499 0.2726 97.9719 14.1933
-32.2319 -71.4272 41.1228 17.0600 11.2500 24.5689 359.7619 98.2781 12.8668
-32.2345 -71.3260 45.5583 17.0600 11.2500 25.3627 359.2540 98.5843 12.7572
-32.2372 -71.2248 50.1217 17.0600 11.2500 25.7975 358.7410 98.8904 9.7285
-32.2398 -71.1235 54.7361 17.0600 11.2500 25.8598 358.2247 99.1966 6.5751
-32.2425 -71.0223 59.3203 17.0600 11.2500 25.5667 357.7080 99.5028 3.5426
-32.3563 -72.5523 10.0515 17.0600 11.2500 7.9678 1.6657 95.5709 3.8397
-32.3590 -72.4511 11.4927 17.0600 11.2500 9.2920 1.7866 95.8774 11.5634
-32.3617 -72.3499 13.1665 17.0600 11.2500 10.6947 1.8875 96.1839 15.5278
-32.3644 -72.2487 15.0889 17.0600 11.2500 12.1673 1.9440 96.4903 22.6967
-32.3672 -72.1474 17.2728 17.0600 11.2500 13.7035 1.9356 96.7968 21.0642
-32.3699 -72.0462 19.7319 17.0600 11.2500 15.2965 1.8480 97.1032 23.4169
-32.3726 -71.9450 22.4793 17.0600 11.2500 16.9302 1.6758 97.4097 27.9854
-32.3753 -71.8438 25.5249 17.0600 11.2500 18.5764 1.4239 97.7161 23.8531
-32.3780 -71.7426 28.8725 17.0600 11.2500 20.1892 1.1047 98.0226 26.3291
-32.3807 -71.6413 32.5152 17.0600 11.2500 21.7060 0.7383 98.3290 16.2761
-32.3834 -71.5401 36.4355 17.0600 11.2500 23.0588 0.3394 98.6355 16.8411
-32.3862 -71.4389 40.6003 17.0600 11.2500 24.1754 359.9228 98.9420 14.1605
-32.3889 -71.3377 44.9535 17.0600 11.2500 24.9919 359.5115 99.2484 13.6827
-32.3916 -71.2364 49.4402 17.0600 11.2500 25.4675 359.0998 99.5549 12.0180
-32.3943 -71.1352 53.9819 17.0600 11.2500 25.5835 358.7025 99.8613 8.3389
-32.3970 -71.0340 58.5111 17.0600 11.2500 25.3469 358.3063 100.1678 4.4103
-32.5099 -72.5640 9.9741 17.0600 11.2500 7.9238 1.8137 96.2319 5.0559
-32.5127 -72.4628 11.4060 17.0600 11.2500 9.2509 1.8532 96.5386 13.6615
-32.5155 -72.3615 13.0696 17.0600 11.2500 10.6499 1.8883 96.8453 22.3531
-32.5182 -72.2603 14.9795 17.0600 11.2500 12.1081 1.8902 97.1520 35.6494
-32.5210 -72.1591 17.1460 17.0600 11.2500 13.6174 1.8526 97.4588 35.8255
-32.5238 -72.0579 19.5811 17.0600 11.2500 15.1712 1.7611 97.7655 32.2062
-32.5266 -71.9567 22.2958 17.0600 11.2500 16.7552 1.6083 98.0722 36.7272
-32.5293 -71.8554 25.2981 17.0600 11.2500 18.3494 1.3989 98.3789 22.8673
-32.5321 -71.7542 28.5921 17.0600 11.2500 19.9157 1.1403 98.6857 27.1198
-32.5349 -71.6530 32.1726 17.0600 11.2500 21.3992 0.8474 98.9924 16.7585
-32.5377 -71.5518 36.0235 17.0600 11.2500 22.7356 0.5350 99.2991 16.6608
-32.5404 -71.4505 40.1150 17.0600 11.2500 23.8572 0.2157 99.6058 18.9717
-32.5432 -71.3493 44.4020 17.0600 11.2500 24.7001 359.9017 99.9126 15.7099
-32.5460 -71.2481 48.8256 17.0600 11.2500 25.2175 359.5999 100.2193 11.1127
-32.5488 -71.1469 53.3171 17.0600 11.2500 25.3855 359.3145 100.5260 9.3653
-32.5515 -71.0457 57.8061 17.0600 11.2500 25.2041 359.0422 100.8327 4.4962
-32.6635 -72.5756 9.9093 17.0600 11.2500 7.8695 2.4160 96.8928 5.5265
-32.6664 -72.4744 11.3298 17.0600 11.2500 9.1951 2.3497 97.1998 13.6482
-32.6692 -72.3732 12.9814 17.0600 11.2500 10.5883 2.2829 97.5068 31.0338
-32.6720 -72.2720 14.8770 17.0600 11.2500 12.0333 2.1955 97.8138 47.7369
-32.6749 -72.1708 17.0250 17.0600 11.2500 13.5224 2.0970 98.1208 43.8106
-32.6777 -72.0695 19.4377 17.0600 11.2500 15.0444 1.9566 98.4278 42.2250
-32.6805 -71.9683 22.1224 17.0600 11.2500 16.5951 1.7897 98.7348 50.6994
-32.6834 -71.8671 25.0876 17.0600 11.2500 18.1516 1.5881 99.0417 32.4537
-32.6862 -71.7659 28.3356 17.0600 11.2500 19.6821 1.3632 99.3487 31.0077
-32.6890 -71.6646 31.8649 17.0600 11.2500 21.1431 1.1220 99.6557 19.3369
-32.6919 -71.5634 35.6589 17.0600 11.2500 22.4700 0.8795 99.9627 15.7100
-32.6947 -71.4622 39.6927 17.0600 11.2500 23.6000 0.6412 100.2697 15.5679
-32.6975 -71.3610 43.9245 17.0600 11.2500 24.4700 0.4159 100.5767 12.6204
-32.7004 -71.2598 48.2989 17.0600 11.2500 25.0302 0.2111 100.8837 10.2992
-32.7032 -71.1585 52.7525 17.0600 11.2500 25.2508 298.4990 101.1907 9.2024
-32.7061 -71.0573 57.2145 17.0600 11.2500 25.1241 316.2776 101.4977 5.9198
-32.8174 -72.5891 9.8535 17.0600 11.2500 7.7986 3.4842 97.5494 5.9881
-32.8205 -72.4879 11.2589 17.0600 11.2500 9.1146 3.2976 97.8577 14.7012
-32.8237 -72.3867 12.8927 17.0600 11.2500 10.4959 3.1202 98.1661 39.4758
-32.8268 -72.2855 14.7678 17.0600 11.2500 11.9248 2.9289 98.4745 56.4225
-32.8300 -72.1843 16.8920 17.0600 11.2500 13.3930 2.7391 98.7829 66.7549
-32.8331 -72.0831 19.2758 17.0600 11.2500 14.8910 2.5284 99.0913 51.7940
-32.8363 -71.9819 21.9266 17.0600 11.2500 16.4137 2.3126 99.3996 58.7621
-32.8394 -71.8807 24.8521 17.0600 11.2500 17.9462 2.0917 99.7080 44.5553
-32.8426 -71.7795 28.0556 17.0600 11.2500 19.4586 1.8694 100.0164 31.9003
-32.8457 -71.6782 31.5355 17.0600 11.2500 20.9096 1.6556 100.3248 22.5971
-32.8489 -71.5770 35.2798 17.0600 11.2500 22.2420 1.4567 100.6331 18.1499
-32.8520 -71.4758 39.2648 17.0600 11.2500 23.3919 1.2798 100.9415 14.6606
-32.8551 -71.3746 43.4520 17.0600 11.2500 24.2967 1.1294 101.2499 13.6570
-32.8583 -71.2734 47.7902 17.0600 11.2500 24.9038 1.0058 101.5583 9.6381
-32.8614 -71.1722 52.2175 17.0600 11.2500 25.1781 0.9072 101.8666 8.4374
-32.8646 -71.0710 56.6645 17.0600 11.2500 25.1066 0.8364 102.1750 5.3059
-32.9742 -72.6257 9.5723 17.0600 11.2500 7.4778 5.1336 98.1524 5.6291
-32.9807 -72.5246 10.9193 17.0600 11.2500 8.7612 4.8578 98.4757 17.0821
-32.9873 -72.4236 12.4895 17.0600 11.2500 10.1100 4.5802 98.7989 41.3310
-32.9938 -72.3225 14.2926 17.0600 11.2500 11.5083 4.3100 99.1222 55.6205
-33.0003 -72.2215 16.3390 17.0600 11.2500 12.9440 4.0393 99.4462 71.1533
-33.0069 -72.1204 18.6384 17.0600 11.2500 14.4116 3.7761 99.7833 65.2095
-33.0134 -72.0194 21.1979 17.0600 11.2500 15.9061 3.5193 100.1204 65.1430
-33.0200 -71.9183 24.0253 17.0600 11.2500 17.4170 3.2725 100.4575 53.5264
-33.0265 -71.8173 27.1258 17.0600 11.2500 18.9249 3.0496 100.7946 36.6392
-33.0331 -71.7162 30.5007 17.0600 11.2500 20.3927 2.8547 101.1317 23.1847
-33.0396 -71.6152 34.1429 17.0600 11.2500 21.7689 2.6934 101.4688 20.6329
-33.0461 -71.5141 38.0338 17.0600 11.2500 22.9912 2.5688 101.8059 12.5832
-33.0527 -71.4131 42.1428 17.0600 11.2500 23.9957 2.4853 102.1431 13.3703
-33.0592 -71.3120 46.4247 17.0600 11.2500 24.7248 2.4438 102.4802 8.8693
-33.0658 -71.2110 50.8204 17.0600 11.2500 25.1344 2.4407 102.8173 8.6943
-33.0723 -71.1099 55.2636 17.0600 11.2500 25.2010 2.4773 103.1544 6.9656
-33.1310 -72.6623 9.3739 17.0600 11.2500 7.2212 7.2472 99.0325 7.0280
-33.1409 -72.5615 10.6736 17.0600 11.2500 8.4701 6.9200 99.3913 15.8397
-33.1508 -72.4607 12.1892 17.0600 11.2500 9.7856 6.6002 99.7501 42.5555
-33.1608 -72.3600 13.9335 17.0600 11.2500 11.1519 6.2949 100.1089 62.2550
-33.1707 -72.2592 15.9156 17.0600 11.2500 12.5547 5.9929 100.4677 64.4562
-33.1806 -72.1584 18.1413 17.0600 11.2500 13.9919 5.7054 100.8265 50.3092
-33.1905 -72.0577 20.6209 17.0600 11.2500 15.4595 5.4312 101.1853 60.3797
-33.2005 -71.9569 23.3617 17.0600 11.2500 16.9539 5.1829 101.5441 49.3075
-33.2104 -71.8561 26.3751 17.0600 11.2500 18.4605 4.9744 101.9029 36.0463
-33.2203 -71.7553 29.6623 17.0600 11.2500 19.9466 4.8010 102.2617 25.3559
-33.2303 -71.6546 33.2196 17.0600 11.2500 21.3651 4.6688 102.6205 20.6562
-33.2402 -71.5538 37.0338 17.0600 11.2500 22.6556 4.5797 102.9793 15.3215
-33.2501 -71.4530 41.0786 17.0600 11.2500 23.7527 4.5352 103.3381 13.8611
-33.2600 -71.3522 45.3189 17.0600 11.2500 24.5953 4.5443 103.6969 9.4777
-33.2700 -71.2515 49.6960 17.0600 11.2500 25.1320 4.5994 104.0557 7.9412
-33.2799 -71.1507 54.1462 17.0600 11.2500 25.3322 4.7033 104.4145 5.0017
-33.2878 -72.6990 9.2681 17.0600 11.2500 7.0526 9.7391 99.9669 8.4781
-33.3011 -72.5986 10.5366 17.0600 11.2500 8.2729 9.3991 100.3470 17.7901
-33.3144 -72.4983 12.0185 17.0600 11.2500 9.5616 9.0813 100.7271 40.3660
-33.3277 -72.3979 13.7219 17.0600 11.2500 10.8994 8.7803 101.1072 56.1626
-33.3410 -72.2975 15.6561 17.0600 11.2500 12.2758 8.4963 101.4873 59.6864
-33.3543 -72.1971 17.8311 17.0600 11.2500 13.6882 8.2337 101.8673 52.5963
-33.3676 -72.0967 20.2575 17.0600 11.2500 15.1383 7.9997 102.2474 53.4440
-33.3809 -71.9963 22.9407 17.0600 11.2500 16.6213 7.7931 102.6275 52.8891
-33.3942 -71.8960 25.8904 17.0600 11.2500 18.1248 7.6166 103.0076 33.1834
-33.4075 -71.7956 29.1161 17.0600 11.2500 19.6243 7.4768 103.3877 25.1771
-33.4208 -71.6952 32.6163 17.0600 11.2500 21.0757 7.3765 103.7677 19.4270
-33.4341 -71.5948 36.3796 17.0600 11.2500 22.4186 7.3131 104.1478 14.1294
-33.4445 -71.4944 40.3665 17.0600 11.2500 23.5832 7.2475 104.5088 11.6803
-33.4474 -71.3940 44.5121 17.0600 11.2500 24.5006 7.1170 104.8196 8.9791
-33.4607 -71.2937 48.8806 17.0600 11.2500 25.1462 7.1933 105.1997 6.5624
-33.4612 -71.1933 53.2588 17.0600 11.2500 25.4524 7.1420 105.4947 5.3579
-33.4740 -72.7359 9.3599 17.0600 11.2500 7.0702 12.9517 101.0967 10.5460
-33.4779 -72.6360 10.5879 17.0600 11.2500 8.2402 12.4052 101.4125 20.6665
-33.4873 -72.5361 12.0325 17.0600 11.2500 9.4904 11.9869 101.7656 40.3145
-33.4945 -72.4362 13.6807 17.0600 11.2500 10.7846 11.5648 102.1037 53.1565
-33.5112 -72.3363 15.5952 17.0600 11.2500 12.1477 11.3226 102.5047 57.0402
-33.5278 -72.2365 17.7500 17.0600 11.2500 13.5495 11.1102 102.9056 54.2592
-33.5445 -72.1366 20.1467 17.0600 11.2500 14.9899 10.9270 103.3065 38.9219
-33.5612 -72.0367 22.8070 17.0600 11.2500 16.4694 10.7717 103.7075 39.6197
-33.5778 -71.9368 25.7299 17.0600 11.2500 17.9769 10.6432 104.1084 24.1928
-33.5945 -71.8369 28.9274 17.0600 11.2500 19.4845 10.5413 104.5093 23.8286
-33.6013 -71.7371 32.3263 17.0600 11.2500 20.9240 10.3094 104.8446 17.5696
-33.6112 -71.6372 36.0127 17.0600 11.2500 22.2823 10.1543 105.2006 14.6402
-33.6213 -71.5373 39.9455 17.0600 11.2500 23.4837 10.0359 105.5580 14.4916
-33.6278 -71.4374 44.0559 17.0600 11.2500 24.4652 9.9065 105.8918 8.2668
-33.6413 -71.3375 48.3943 17.0600 11.2500 25.1875 9.9300 106.2714 5.7872
-33.6445 -71.2377 52.7523 17.0600 11.2500 25.5901 9.8646 106.5830 4.8341
-33.6612 -72.7728 9.6018 17.0600 11.2500 7.2381 16.1908 102.3546 8.9974
-33.6613 -72.6735 10.8150 17.0600 11.2500 8.3732 15.5395 102.5215 22.4634
-33.6778 -72.5743 12.2958 17.0600 11.2500 9.6289 15.1839 102.9198 33.7733
-33.6813 -72.4750 13.9141 17.0600 11.2500 10.8872 14.6754 103.2314 41.0722
-33.6945 -72.3757 15.8073 17.0600 11.2500 12.2231 14.3517 103.6074 48.7265
-33.7013 -72.2765 17.8866 17.0600 11.2500 13.5764 13.9693 103.9412 43.7628
-33.7213 -72.1772 20.2987 17.0600 11.2500 15.0226 13.8081 104.3625 34.8634
-33.7413 -72.0780 22.9589 17.0600 11.2500 16.5064 13.6773 104.7839 36.2441
-33.7580 -71.9787 25.8667 17.0600 11.2500 18.0054 13.5205 105.1832 23.9120
-33.7613 -71.8794 28.9238 17.0600 11.2500 19.4543 13.1962 105.4937 21.0001
-33.7813 -71.7802 32.3940 17.0600 11.2500 20.9361 13.1249 105.9150 19.0828
-33.7813 -71.6809 35.9350 17.0600 11.2500 22.2562 12.7998 106.2035 18.0324
-33.8013 -71.5816 39.9198 17.0600 11.2500 23.5001 12.7797 106.6249 13.4577
-33.8046 -71.4824 43.9456 17.0600 11.2500 24.4934 12.5625 106.9354 8.1100
-33.8213 -71.3831 48.2938 17.0600 11.2500 25.2723 12.5707 107.3347 6.4529
-33.8280 -71.2838 52.6479 17.0600 11.2500 25.7459 12.5086 107.6673 4.6272
-33.8413 -72.8099 9.9661 17.0600 11.2500 7.5147 19.0247 103.5703 9.0679
-33.8513 -72.7113 11.2379 17.0600 11.2500 8.6711 18.4760 103.7879 24.2279
-33.8613 -72.6128 12.7055 17.0600 11.2500 9.8886 17.9704 104.0266 36.6573
-33.8746 -72.5142 14.4038 17.0600 11.2500 11.1697 17.5501 104.4012 40.4781
-33.8813 -72.4157 16.2628 17.0600 11.2500 12.4651 17.0921 104.7322 45.4889
-33.8979 -72.3172 18.4209 17.0600 11.2500 13.8465 16.7953 105.1288 41.6683
-33.9014 -72.2186 20.7067 17.0600 11.2500 15.2107 16.3728 105.4378 37.0851
-33.9147 -72.1201 23.3213 17.0600 11.2500 16.6585 16.0958 105.8128 32.9241
-33.9213 -72.0216 26.1215 17.0600 11.2500 18.0992 15.7717 106.1429 26.2025
-33.9413 -71.9230 29.3131 17.0600 11.2500 19.6034 15.6278 106.5624 20.9988
-33.9446 -71.8245 32.5879 17.0600 11.2500 20.9968 15.3171 106.8705 17.2024
-33.9679 -71.7260 36.3550 17.0600 11.2500 22.3909 15.2480 107.3118 14.6518
-33.9679 -71.6274 40.0776 17.0600 11.2500 23.5564 14.9528 107.5982 12.7633
-33.9912 -71.5289 44.3036 17.0600 11.2500 24.6191 14.9452 108.0394 6.4777
-33.9946 -71.4303 48.4468 17.0600 11.2500 25.3845 14.7647 108.3478 6.0750
-34.0146 -71.3318 52.9454 17.0600 11.2500 25.9296 14.8194 108.7671 3.9512
-34.0212 -72.8470 10.4626 17.0600 11.2500 7.8904 21.3379 104.7835 14.8437
-34.0379 -72.7493 11.8122 17.0600 11.2500 9.0665 20.8209 105.0475 29.9700
-34.0478 -72.6516 13.3118 17.0600 11.2500 10.2668 20.2804 105.2634 36.8799
-34.0612 -72.5539 15.0399 17.0600 11.2500 11.5329 19.8075 105.5251 37.7393
-34.0712 -72.4562 16.9512 17.0600 11.2500 12.8269 19.3414 105.8751 46.2536
-34.0744 -72.3585 19.0151 17.0600 11.2500 14.1310 18.8524 106.1805 40.2750
-34.0845 -72.2608 21.3697 17.0600 11.2500 15.5119 18.4635 106.5318 41.7851
-34.1009 -72.1631 24.0179 17.0600 11.2500 16.9600 18.1655 106.9240 35.5511
-34.1010 -72.0654 26.7434 17.0600 11.2500 18.3493 17.7543 107.2091 30.0971
-34.1079 -71.9677 29.7858 17.0600 11.2500 19.7717 17.4310 107.5385 24.1147
-34.1276 -71.8700 33.2479 17.0600 11.2500 21.2172 17.2475 107.9537 17.1393
-34.1305 -71.7723 36.7301 17.0600 11.2500 22.5055 16.9512 108.2568 15.1872
-34.1543 -71.6746 40.7365 17.0600 11.2500 23.7458 16.8648 108.6984 12.9245
-34.1602 -71.5769 44.7018 17.0600 11.2500 24.7385 16.6618 109.0217 5.7640
-34.1809 -71.4792 49.0617 17.0600 11.2500 25.5536 16.6266 109.4430 5.5796
-34.1899 -71.3815 53.3720 17.0600 11.2500 26.0940 16.5500 109.7867 3.4732
-34.2075 -72.9237 10.6593 17.0600 11.2500 7.9497 23.3891 105.9834 18.5460
-34.2196 -72.8269 11.9583 17.0600 11.2500 9.0675 22.8049 106.2131 33.8699
-34.2275 -72.7300 13.4180 17.0600 11.2500 10.2206 22.2280 106.4139 29.2089
-34.2341 -72.6332 15.0451 17.0600 11.2500 11.4148 21.6720 106.6054 37.0538
-34.2492 -72.5364 16.9404 17.0600 11.2500 12.6983 21.2100 106.8567 46.9425
-34.2601 -72.4396 19.0132 17.0600 11.2500 14.0063 20.7486 107.1778 49.7264
-34.2607 -72.3428 21.2002 17.0600 11.2500 15.3044 20.2534 107.4636 43.1510
-34.2789 -72.2460 23.7936 17.0600 11.2500 16.7351 19.9094 107.8656 44.5612
-34.2874 -72.1492 26.5213 17.0600 11.2500 18.1408 19.5324 108.2031 31.0252
-34.2926 -72.0523 29.4505 17.0600 11.2500 19.5352 19.1656 108.5195 25.3783
-34.3086 -71.9555 32.7679 17.0600 11.2500 20.9592 18.9019 108.9068 18.7154
-34.3140 -71.8587 36.1809 17.0600 11.2500 22.2633 18.5991 109.2240 15.2867
-34.3252 -71.7619 39.9131 17.0600 11.2500 23.4806 18.3698 109.5798 11.8146
-34.3382 -71.6651 43.8813 17.0600 11.2500 24.5499 18.1906 109.9479 6.6556
-34.3578 -71.5683 48.1362 17.0600 11.2500 25.4466 18.0943 110.3588 5.4506
-34.3679 -71.4715 52.3892 17.0600 11.2500 26.0851 17.9828 110.7077 3.5476
-34.3836 -73.0270 10.5711 17.0600 11.2500 7.7537 25.0049 107.0712 18.0804
-34.3903 -72.9311 11.7812 17.0600 11.2500 8.7919 24.4354 107.2620 30.0320
-34.3976 -72.8352 13.1515 17.0600 11.2500 9.8873 23.8716 107.4568 34.5065
-34.4188 -72.7393 14.8181 17.0600 11.2500 11.1083 23.3948 107.7496 40.6045
-34.4229 -72.6434 16.5278 17.0600 11.2500 12.2857 22.8564 107.9218 46.0814
-34.4273 -72.5476 18.4278 17.0600 11.2500 13.5109 22.3459 108.0961 49.6826
-34.4540 -72.4517 20.7709 17.0600 11.2500 14.9074 21.9896 108.4306 50.2269
-34.4554 -72.3558 23.0597 17.0600 11.2500 16.2052 21.5219 108.7188 53.8618
-34.4569 -72.2599 25.5655 17.0600 11.2500 17.5357 21.0819 109.0075 36.7957
-34.4866 -72.1640 28.6735 17.0600 11.2500 19.0432 20.8307 109.4832 27.5955
-34.4880 -72.0682 31.6395 17.0600 11.2500 20.3778 20.4432 109.7711 20.8386
-34.4892 -71.9723 34.8225 17.0600 11.2500 21.6729 20.0816 110.0577 16.5168
-34.5163 -71.8764 38.6467 17.0600 11.2500 23.0093 19.8975 110.5162 12.3840
-34.5206 -71.7805 42.3252 17.0600 11.2500 24.1070 19.6142 110.8233 8.0447
-34.5244 -71.6846 46.1764 17.0600 11.2500 25.0532 19.3649 111.1274 6.0615
-34.5390 -71.5887 50.3781 17.0600 11.2500 25.8369 19.2141 111.5028 4.5367
-34.5531 -73.1209 10.6251 17.0600 11.2500 7.6998 26.1998 108.1269 14.5815
-34.5596 -73.0260 11.7986 17.0600 11.2500 8.6914 25.7207 108.3146 23.6135
-34.5761 -72.9310 13.1972 17.0600 11.2500 9.7915 25.2616 108.5729 36.6541
-34.5857 -72.8361 14.7156 17.0600 11.2500 10.9051 24.7714 108.7825 38.5606
-34.5948 -72.7411 16.4066 17.0600 11.2500 12.0654 24.2842 108.9888 51.1249
-34.6132 -72.6462 18.3814 17.0600 11.2500 13.3294 23.8591 109.2607 58.1899
-34.6183 -72.5513 20.4123 17.0600 11.2500 14.5627 23.3836 109.4380 53.9999
-34.6300 -72.4563 22.7283 17.0600 11.2500 15.8809 22.9665 109.6630 57.9505
-34.6504 -72.3614 25.3708 17.0600 11.2500 17.2865 22.6185 109.9972 34.2507
-34.6508 -72.2664 27.9772 17.0600 11.2500 18.5919 22.1853 110.2761 30.2137
-34.6653 -72.1715 31.0104 17.0600 11.2500 19.9788 21.8473 110.6478 19.3871
-34.6834 -72.0765 34.3360 17.0600 11.2500 21.3520 21.5486 111.0442 19.0074
-34.6875 -71.9816 37.6634 17.0600 11.2500 22.5800 21.1977 111.3475 12.3570
-34.6944 -71.8867 41.2436 17.0600 11.2500 23.7214 20.8845 111.6688 10.2628
-34.7005 -71.7917 45.0038 17.0600 11.2500 24.7220 20.5942 111.9853 7.2144
-34.7160 -71.6968 49.1082 17.0600 11.2500 25.5808 20.3754 112.3641 5.9109
-34.7247 -73.1844 11.0950 17.0600 11.2500 8.0318 27.1266 109.2421 11.8070
-34.7334 -73.0902 12.3068 17.0600 11.2500 9.0146 26.7718 109.4446 22.6906
-34.7357 -72.9960 13.6122 17.0600 11.2500 10.0091 26.3461 109.6015 33.1753
-34.7618 -72.9018 15.2952 17.0600 11.2500 11.1965 26.0113 109.9266 44.5353
-34.7709 -72.8076 16.9999 17.0600 11.2500 12.3318 25.5730 110.1315 65.8796
-34.7725 -72.7133 18.8032 17.0600 11.2500 13.4690 25.0836 110.2834 63.0103
-34.7989 -72.6191 21.0763 17.0600 11.2500 14.8090 24.7340 110.6111 63.1223
-34.8061 -72.5249 23.3305 17.0600 11.2500 16.0710 24.2811 110.8024 66.6959
-34.8115 -72.4307 25.7587 17.0600 11.2500 17.3552 23.8306 110.9814 42.2705
-34.8361 -72.3365 28.6878 17.0600 11.2500 18.7767 23.4945 111.3025 28.4706
-34.8413 -72.2423 31.5503 17.0600 11.2500 20.0727 23.0710 111.6110 18.7150
-34.8497 -72.1481 34.6792 17.0600 11.2500 21.3572 22.6815 111.9407 15.5449
-34.8505 -72.0539 37.8962 17.0600 11.2500 22.5371 22.2754 112.2200 10.4436
-34.8732 -71.9597 41.7110 17.0600 11.2500 23.7191 21.9825 112.6442 12.3587
-34.8765 -71.8655 45.3632 17.0600 11.2500 24.6770 21.6279 112.9400 7.1360
-34.8896 -71.7713 49.3586 17.0600 11.2500 25.5147 21.3366 113.3006 5.9435
-34.8907 -73.2479 11.5792 17.0600 11.2500 8.4071 27.9829 110.3183 10.3152
-34.9103 -73.1544 12.9226 17.0600 11.2500 9.4453 27.8117 110.5968 17.6788
-34.9117 -73.0610 14.2575 17.0600 11.2500 10.4125 27.5047 110.7462 36.8763
-34.9286 -72.9676 15.8951 17.0600 11.2500 11.5238 27.2229 111.0052 51.3274
-34.9316 -72.8742 17.5387 17.0600 11.2500 12.5881 26.8168 111.1658 60.6151
-34.9475 -72.7807 19.5072 17.0600 11.2500 13.7826 26.4489 111.4174 62.5941
-34.9677 -72.6873 21.7298 17.0600 11.2500 15.0507 26.0736 111.6998 59.8408
-34.9726 -72.5939 23.9352 17.0600 11.2500 16.2571 25.5913 111.8737 62.3682
-34.9846 -72.5004 26.4437 17.0600 11.2500 17.5409 25.1369 112.0985 37.8733
-35.0047 -72.4070 29.2934 17.0600 11.2500 18.8905 24.7194 112.3801 27.9276
-35.0067 -72.3136 32.0718 17.0600 11.2500 20.1202 24.2176 112.5339 16.4696
-35.0135 -72.2202 35.1318 17.0600 11.2500 21.3487 23.7529 112.8189 15.8481
-35.0217 -72.1267 38.4221 17.0600 11.2500 22.5242 23.3121 113.1453 13.3475
-35.0458 -72.0333 42.2088 17.0600 11.2500 23.6683 22.9427 113.5764 10.9524
-35.0472 -71.9399 45.7505 17.0600 11.2500 24.5887 22.5191 113.8573 7.7477
-35.0544 -71.8464 49.5613 17.0600 11.2500 25.3776 22.1348 114.1770 3.9701
-35.0589 -73.3114 12.1571 17.0600 11.2500 8.8723 28.6441 111.4100 8.1574
-35.0848 -73.2188 13.6163 17.0600 11.2500 9.9483 28.6187 111.7316 15.4399
-35.0896 -73.1262 15.0233 17.0600 11.2500 10.9177 28.4713 111.9040 32.9913
-35.0954 -73.0336 16.5788 17.0600 11.2500 11.9280 28.2560 112.0829 36.3334
-35.0960 -72.9410 18.2220 17.0600 11.2500 12.9400 27.9468 112.2259 40.7698
-35.1239 -72.8483 20.3649 17.0600 11.2500 14.1749 27.6822 112.5609 54.5450
-35.1321 -72.7557 22.4448 17.0600 11.2500 15.3134 27.2743 112.7574 53.0885
-35.1363 -72.6631 24.6382 17.0600 11.2500 16.4610 26.7958 112.9256 45.4314
-35.1589 -72.5705 27.3006 17.0600 11.2500 17.7508 26.3504 113.2232 27.0445
-35.1629 -72.4779 29.8733 17.0600 11.2500 18.9362 25.8040 113.3902 21.5648
-35.1746 -72.3853 32.7732 17.0600 11.2500 20.1581 25.2703 113.6108 17.1596
-35.1773 -72.2927 35.7032 17.0600 11.2500 21.3104 24.7176 113.7683 15.1516
-35.2020 -72.2000 39.2395 17.0600 11.2500 22.5059 24.2316 114.1291 11.4684
-35.2020 -72.1074 42.5087 17.0600 11.2500 23.4988 23.7094 114.3982 11.9542
-35.2170 -72.0148 46.2415 17.0600 11.2500 24.4221 23.2362 114.7673 7.2157
-35.2182 -71.9222 49.8464 17.0600 11.2500 25.1633 22.7730 115.0444 3.8182
-35.2410 -73.3749 12.9142 17.0600 11.2500 9.4777 28.8054 112.6002 8.3490
-35.2451 -73.2829 14.2352 17.0600 11.2500 10.4029 28.8709 112.7661 15.9015
-35.2592 -73.1910 15.7915 17.0600 11.2500 11.4199 28.8662 113.0029 27.9729
-35.2595 -73.0991 17.3289 17.0600 11.2500 12.3660 28.7845 113.1427 38.4723
-35.2801 -73.0072 19.2642 17.0600 11.2500 13.4755 28.6274 113.4254 37.3061
-35.2882 -72.9152 21.1962 17.0600 11.2500 14.5262 28.3785 113.6198 42.0414
-35.3001 -72.8233 23.3459 17.0600 11.2500 15.6279 28.0517 113.8415 37.6085
-35.3019 -72.7314 25.5100 17.0600 11.2500 16.6913 27.6260 113.9920 30.0159
-35.3130 -72.6394 27.9860 17.0600 11.2500 17.8326 27.1353 114.2077 24.6981
-35.3312 -72.5475 30.7671 17.0600 11.2500 19.0218 26.5968 114.4735 20.0339
-35.3410 -72.4556 33.6023 17.0600 11.2500 20.1594 26.0168 114.6801 15.7026
-35.3444 -72.3637 36.5051 17.0600 11.2500 21.2454 25.4195 114.8413 13.2820
-35.3568 -72.2717 39.7547 17.0600 11.2500 22.3222 24.8257 115.0658 11.2203
-35.3743 -72.1798 43.2933 17.0600 11.2500 23.3217 24.2412 115.3325 13.8913
-35.3820 -72.0879 46.7949 17.0600 11.2500 24.1909 23.6918 115.6505 8.8013
-35.3869 -71.9960 50.3879 17.0600 11.2500 24.9116 23.1751 115.9501 4.3298
-35.4005 -73.4381 13.5049 17.0600 11.2500 9.9311 28.2334 113.6306 9.5473
-35.4174 -73.3464 15.0143 17.0600 11.2500 10.9396 28.3452 113.8871 16.7016
-35.4229 -73.2548 16.5492 17.0600 11.2500 11.8852 28.4652 114.0630 26.7557
-35.4293 -73.1632 18.2279 17.0600 11.2500 12.8477 28.5101 114.2451 26.0708
-35.4442 -73.0715 20.1432 17.0600 11.2500 13.8771 28.4378 114.4869 29.9708
-35.4605 -72.9799 22.2438 17.0600 11.2500 14.9217 28.2667 114.7391 29.3775
-35.4639 -72.8882 24.3034 17.0600 11.2500 15.9048 28.0468 114.8998 29.7977
-35.4672 -72.7966 26.5129 17.0600 11.2500 16.9043 27.7290 115.0602 25.6807
-35.4718 -72.7050 28.8958 17.0600 11.2500 17.9310 27.3086 115.2297 19.8792
-35.4879 -72.6133 31.6421 17.0600 11.2500 19.0230 26.7731 115.4803 14.9598
-35.5036 -72.5217 34.5547 17.0600 11.2500 20.1104 26.1790 115.7280 13.1538
-35.5115 -72.4301 37.5116 17.0600 11.2500 21.1408 25.5731 115.9210 11.2871
-35.5143 -72.3384 40.5364 17.0600 11.2500 22.1207 24.9753 116.0772 11.4021
-35.5316 -72.2468 44.0056 17.0600 11.2500 23.0770 24.3322 116.3367 14.4122
-35.5467 -72.1552 47.5978 17.0600 11.2500 23.9145 23.7278 116.5800 10.5594
-35.5559 -72.0635 51.2126 17.0600 11.2500 24.6054 23.1723 116.8760 3.5951
-35.5567 -73.5012 14.0376 17.0600 11.2500 10.3124 26.9314 114.6383 7.2761
-35.5753 -73.4099 15.6289 17.0600 11.2500 11.3219 27.0518 114.9063 16.3044
-35.5898 -73.3186 17.3163 17.0600 11.2500 12.3066 27.1718 115.1447 22.8834
-35.5992 -73.2272 19.0925 17.0600 11.2500 13.2579 27.2864 115.3475 24.1094
-35.6002 -73.1359 20.8934 17.0600 11.2500 14.1592 27.4008 115.4914 23.4545
-35.6191 -73.0446 23.0608 17.0600 11.2500 15.1555 27.2592 115.7609 24.7166
-35.6213 -72.9532 25.1449 17.0600 11.2500 16.0676 27.1801 115.9136 23.9755
-35.6329 -72.8619 27.5076 17.0600 11.2500 17.0321 26.9154 116.1314 22.8284
-35.6416 -72.7705 29.9682 17.0600 11.2500 17.9967 26.5740 116.3298 18.7332
-35.6446 -72.6792 32.4879 17.0600 11.2500 18.9461 26.1930 116.4870 14.3359
-35.6628 -72.5879 35.4221 17.0600 11.2500 19.9513 25.6073 116.7521 12.5220
-35.6663 -72.4965 38.2572 17.0600 11.2500 20.9058 25.0882 116.9135 12.1023
-35.6760 -72.4052 41.3652 17.0600 11.2500 21.8511 24.4923 117.1182 10.4935
-35.6889 -72.3139 44.6994 17.0600 11.2500 22.7420 23.8782 117.3460 11.2797
-35.7065 -72.2225 48.2678 17.0600 11.2500 23.5499 23.2462 117.6067 8.7846
-35.7113 -72.1312 51.7238 17.0600 11.2500 24.2194 22.7362 117.7770 3.8443
-35.7190 -73.5644 14.5575 17.0600 11.2500 10.6439 24.9374 115.6891 6.2602
-35.7332 -73.4734 16.1481 17.0600 11.2500 11.6138 25.0846 115.9253 12.4074
-35.7502 -73.3824 17.9183 17.0600 11.2500 12.5877 25.1684 116.1811 19.1429
-35.7562 -73.2913 19.7028 17.0600 11.2500 13.4879 25.3466 116.3598 20.4828
-35.7621 -73.2003 21.6110 17.0600 11.2500 14.3741 25.4741 116.5375 21.6086
-35.7738 -73.1093 23.7218 17.0600 11.2500 15.2757 25.4522 116.7561 24.2278
-35.7776 -73.0182 25.8569 17.0600 11.2500 16.1360 25.4590 116.9186 21.0200
-35.7939 -72.9272 28.3047 17.0600 11.2500 17.0422 25.2150 117.1700 16.2830
-35.8012 -72.8362 30.7520 17.0600 11.2500 17.9206 24.9978 117.3575 15.8942
-35.8052 -72.7451 33.2847 17.0600 11.2500 18.7978 24.7314 117.5220 12.9594
-35.8177 -72.6541 36.0918 17.0600 11.2500 19.7098 24.2723 117.7460 12.1998
-35.8219 -72.5630 38.9166 17.0600 11.2500 20.6040 23.8623 117.9120 10.0898
-35.8376 -72.4720 42.0837 17.0600 11.2500 21.5071 23.2805 118.1589 9.7940
-35.8462 -72.3810 45.2733 17.0600 11.2500 22.3591 22.7709 118.3552 10.4639
-35.8615 -72.2899 48.7276 17.0600 11.2500 23.1410 22.2015 118.5998 6.1359
-35.8663 -72.1989 52.1153 17.0600 11.2500 23.8139 21.7638 118.7692 2.6563
-35.8814 -73.6276 14.9428 17.0600 11.2500 10.8610 22.5684 116.7397 4.7024
-35.8911 -73.5369 16.5388 17.0600 11.2500 11.7936 22.6930 116.9443 9.7098
-35.9054 -73.4462 18.3110 17.0600 11.2500 12.7267 22.7372 117.1806 18.2150
-35.9106 -73.3554 20.1234 17.0600 11.2500 13.5962 22.8996 117.3530 17.2794
-35.9236 -73.2647 22.1456 17.0600 11.2500 14.4736 22.9036 117.5803 19.0196
-35.9251 -73.1740 24.1696 17.0600 11.2500 15.2834 23.0530 117.7263 21.5040
-35.9361 -73.0833 26.4093 17.0600 11.2500 16.1195 22.9941 117.9397 15.1406
-35.9493 -72.9925 28.8147 17.0600 11.2500 16.9481 22.8373 118.1682 13.4756
-35.9550 -72.9018 31.2413 17.0600 11.2500 17.7557 22.7324 118.3440 13.6698
-35.9635 -72.8111 33.8329 17.0600 11.2500 18.5831 22.5026 118.5399 11.8958
-35.9688 -72.7203 36.5149 17.0600 11.2500 19.4154 22.2702 118.7129 10.6576
-35.9811 -72.6296 39.4246 17.0600 11.2500 20.2765 21.8611 118.9351 10.2372
-35.9931 -72.5389 42.4825 17.0600 11.2500 21.1304 21.4401 119.1558 7.2302
-35.9993 -72.4482 45.5819 17.0600 11.2500 21.9540 21.0843 119.3350 8.6922
-36.0034 -72.3574 48.7828 17.0600 11.2500 22.7208 20.7521 119.4684 5.3217
-36.0260 -72.2667 52.4137 17.0600 11.2500 23.4080 20.1975 119.5554 2.5353
-36.0370 -73.7018 14.9629 17.0600 11.2500 10.8125 20.2423 117.3864 4.1966
-36.0433 -73.6105 16.5497 17.0600 11.2500 11.7254 20.2666 117.5094 8.5157
-36.0436 -73.5192 18.2094 17.0600 11.2500 12.5953 20.4016 117.6450 17.0537
-36.0710 -73.4280 20.2447 17.0600 11.2500 13.5286 20.0871 117.7227 19.3070
-36.0733 -73.3367 22.1759 17.0600 11.2500 14.3492 20.1854 117.8542 18.1446
-36.0808 -73.2454 24.2762 17.0600 11.2500 15.1601 20.1836 117.9745 14.7246
-36.0832 -73.1542 26.4428 17.0600 11.2500 15.9353 20.2573 118.1059 12.6173
-36.0880 -73.0629 28.7543 17.0600 11.2500 16.7059 20.2577 118.2320 11.4892
-36.1091 -72.9716 31.3703 17.0600 11.2500 17.5132 19.9076 118.3230 13.3167
-36.1160 -72.8804 33.9477 17.0600 11.2500 18.2952 19.7970 118.4449 12.0856
-36.1230 -72.7891 36.6457 17.0600 11.2500 19.0963 19.6414 118.5661 11.4291
-36.1247 -72.6978 39.3976 17.0600 11.2500 19.9062 19.5496 118.6990 10.2797
-36.1323 -72.6065 42.3670 17.0600 11.2500 20.7364 19.3218 118.8191 8.6081
-36.1450 -72.5153 45.5448 17.0600 11.2500 21.5630 18.9975 118.9283 6.6079
-36.1609 -72.4240 48.9032 17.0600 11.2500 22.3511 18.6339 119.0306 4.3840
-36.1629 -72.3327 52.1833 17.0600 11.2500 23.0434 18.4994 119.1627 2.4183
-36.1685 -73.7938 14.4120 17.0600 11.2500 10.3842 18.5608 116.9664 3.1982
-36.1808 -73.7007 16.0139 17.0600 11.2500 11.3270 18.3133 117.0791 6.6964
-36.2028 -73.6076 17.8345 17.0600 11.2500 12.2748 17.9280 117.1710 13.1561
-36.2059 -73.5146 19.6504 17.0600 11.2500 13.1392 17.8248 117.3036 17.0899
-36.2124 -73.4215 21.6215 17.0600 11.2500 13.9823 17.6898 117.4288 14.4349
-36.2167 -73.3284 23.6995 17.0600 11.2500 14.7913 17.6116 117.5587 12.8705
-36.2229 -73.2353 25.9201 17.0600 11.2500 15.5792 17.5101 117.6844 10.6075
-36.2427 -73.1423 28.3879 17.0600 11.2500 16.3773 17.1630 117.7811 10.9125
-36.2508 -73.0492 30.8696 17.0600 11.2500 17.1476 17.0464 117.9028 14.1784
-36.2525 -72.9561 33.4080 17.0600 11.2500 17.9145 17.0664 118.0383 14.6344
-36.2547 -72.8631 36.0698 17.0600 11.2500 18.7006 17.0773 118.1728 8.7728
-36.2562 -72.7700 38.8501 17.0600 11.2500 19.5077 17.0933 118.3086 8.8123
-36.2826 -72.6769 42.0574 17.0600 11.2500 20.3795 16.6482 118.3911 6.5356
-36.2864 -72.5838 45.1333 17.0600 11.2500 21.2082 16.6204 118.5221 4.9955
-36.2884 -72.4908 48.3267 17.0600 11.2500 22.0050 16.6385 118.6570 3.8830
-36.2958 -72.3977 51.7153 17.0600 11.2500 22.7490 16.5658 118.7802 2.3126
-36.3001 -73.8859 13.8138 17.0600 11.2500 9.8798 17.3458 116.4436 2.3880
-36.3182 -73.7912 15.4029 17.0600 11.2500 10.8264 16.8456 116.6489 5.1708
-36.3225 -73.6965 17.0483 17.0600 11.2500 11.7278 16.4910 116.7811 11.3697
-36.3242 -73.6018 18.8150 17.0600 11.2500 12.6035 16.1868 116.9190 12.4156
-36.3440 -73.5071 20.8485 17.0600 11.2500 13.4843 15.6412 117.0182 15.2286
-36.3499 -73.4124 22.9161 17.0600 11.2500 14.3144 15.3353 117.1470 10.8132
-36.3601 -73.3177 25.1425 17.0600 11.2500 15.1237 15.0013 117.2667 10.4056
-36.3624 -73.2230 27.4378 17.0600 11.2500 15.9073 14.8466 117.4034 10.3067
-36.3725 -73.1283 29.9155 17.0600 11.2500 16.6938 14.6098 117.5232 13.3454
-36.3816 -73.0336 32.5200 17.0600 11.2500 17.4888 14.4342 117.6452 14.3083
-36.3878 -72.9389 35.2242 17.0600 11.2500 18.2955 14.3715 117.7735 9.2736
-36.3959 -72.8442 38.0794 17.0600 11.2500 19.1294 14.3156 117.8976 8.6197
-36.4001 -72.7495 41.0365 17.0600 11.2500 19.9783 14.3784 118.0303 6.2255
-36.4023 -72.6548 44.1127 17.0600 11.2500 20.8305 14.5051 118.1672 4.9640
-36.4134 -72.5601 47.4224 17.0600 11.2500 21.6870 14.4964 118.2849 2.9871
-36.4277 -72.4654 50.9155 17.0600 11.2500 22.4975 14.4738 118.3958 2.1714
-36.4317 -73.9783 13.1943 17.0600 11.2500 9.3318 16.5306 115.5730 2.2280
-36.4318 -73.8821 14.6196 17.0600 11.2500 10.2138 16.0780 115.9901 3.7455
-36.4422 -73.7860 16.2353 17.0600 11.2500 11.1162 15.5026 116.3705 7.9380
-36.4451 -73.6898 17.9493 17.0600 11.2500 11.9923 14.9784 116.5279 11.2365
-36.4553 -73.5936 19.8457 17.0600 11.2500 12.8596 14.3721 116.6498 12.2689
-36.4676 -73.4975 21.8914 17.0600 11.2500 13.7084 13.7672 116.7670 11.9433
-36.4769 -73.4013 24.0546 17.0600 11.2500 14.5365 13.2435 116.8910 10.0887
-36.4820 -73.3052 26.3263 17.0600 11.2500 15.3499 12.8501 117.0236 8.9692
-36.4829 -73.2090 28.6971 17.0600 11.2500 16.1548 12.6265 117.1656 10.0883
-36.5035 -73.1129 31.3443 17.0600 11.2500 16.9886 12.1378 117.2651 11.3480
-36.5086 -73.0167 34.0157 17.0600 11.2500 17.8260 12.0286 117.3978 9.2884
-36.5104 -72.9205 36.7990 17.0600 11.2500 18.6796 12.0746 117.5376 6.5885
-36.5219 -72.8244 39.8031 17.0600 11.2500 19.5788 12.0370 117.6567 7.1133
-36.5221 -72.7282 42.8720 17.0600 11.2500 20.4698 12.2791 117.8002 4.6684
-36.5380 -72.6321 46.2212 17.0600 11.2500 21.3892 12.3013 117.9096 3.4843
-36.5393 -72.5359 49.5944 17.0600 11.2500 22.2277 12.6154 118.0506 1.9708
-36.5403 -74.0385 12.9037 17.0600 11.2500 9.0205 15.8836 114.9234 2.4154
-36.5454 -73.9411 14.3250 17.0600 11.2500 9.8814 15.3622 115.3282 3.3203
-36.5656 -73.8436 15.9601 17.0600 11.2500 10.7595 14.6091 115.6791 5.7517
-36.5688 -73.7462 17.6441 17.0600 11.2500 11.6087 13.9475 116.0907 9.3319
-36.5721 -73.6488 19.4635 17.0600 11.2500 12.4548 13.2682 116.3165 9.8311
-36.5752 -73.5514 21.4191 17.0600 11.2500 13.2950 12.6095 116.4555 10.6482
-36.5922 -73.4539 23.5933 17.0600 11.2500 14.1325 11.8126 116.5646 6.5311
-36.5932 -73.3565 25.8112 17.0600 11.2500 14.9665 11.3082 116.7081 7.5815
-36.6038 -73.2591 28.2234 17.0600 11.2500 15.8095 10.7702 116.8310 7.9574
-36.6110 -73.1616 30.7556 17.0600 11.2500 16.6703 10.4069 116.9612 8.3831
-36.6156 -73.0642 33.4147 17.0600 11.2500 17.5499 10.2239 117.0971 8.8040
-36.6208 -72.9668 36.2323 17.0600 11.2500 18.4675 10.1668 117.2315 6.5095
-36.6356 -72.8693 39.2702 17.0600 11.2500 19.4304 10.0953 117.3454 5.6203
-36.6390 -72.7719 42.3888 17.0600 11.2500 20.3804 10.3087 117.4838 3.8789
-36.6484 -72.6745 45.7221 17.0600 11.2500 21.3419 10.5286 117.6093 2.9718
-36.6623 -72.5771 49.2524 17.0600 11.2500 22.2765 10.7706 117.7249 1.5421
-36.6673 -74.0950 12.7304 17.0600 11.2500 8.7810 14.9627 114.2246 2.2223
-36.6715 -73.9965 14.1239 17.0600 11.2500 9.5924 14.5119 114.6372 3.1639
-36.6760 -73.8980 15.6460 17.0600 11.2500 10.4052 13.9188 115.0492 4.6145
-36.6857 -73.7995 17.3253 17.0600 11.2500 11.2219 13.1669 115.4421 6.8258
-36.6907 -73.7009 19.1137 17.0600 11.2500 12.0380 12.3903 115.8521 7.6783
-36.6991 -73.6024 21.0541 17.0600 11.2500 12.8604 11.5544 116.1132 8.8551
-36.7035 -73.5039 23.1099 17.0600 11.2500 13.6929 10.7846 116.2508 6.2329
-36.7091 -73.4054 25.3097 17.0600 11.2500 14.5410 10.0747 116.3862 7.0672
-36.7098 -73.3068 27.6279 17.0600 11.2500 15.4108 9.5324 116.5319 7.0339
-36.7289 -73.2083 30.1863 17.0600 11.2500 16.3158 8.9093 116.6381 6.8045
-36.7311 -73.1098 32.8154 17.0600 11.2500 17.2578 8.6486 116.7807 6.4547
-36.7325 -73.0113 35.6002 17.0600 11.2500 18.2313 8.5729 116.9251 4.8274
-36.7481 -72.9128 38.6335 17.0600 11.2500 19.2619 8.4837 117.0389 5.0703
-36.7559 -72.8142 41.8016 17.0600 11.2500 20.3026 8.6513 117.1695 3.4242
-36.7587 -72.7157 45.1142 17.0600 11.2500 21.3149 8.9953 117.3107 2.5352
-36.7672 -72.6172 48.6398 17.0600 11.2500 22.2998 9.3722 117.4397 1.7493
-36.7792 -74.1517 12.4590 17.0600 11.2500 8.5305 13.9592 113.5788 2.0617
-36.7863 -74.0523 13.8383 17.0600 11.2500 9.3033 13.6194 113.9852 2.4233
-36.7863 -73.9529 15.3078 17.0600 11.2500 10.0641 13.1812 114.4168 3.4253
-36.8026 -73.8534 16.9748 17.0600 11.2500 10.8363 12.4389 114.7904 4.7105
-36.8055 -73.7540 18.7050 17.0600 11.2500 11.6082 11.7129 115.2119 7.6752
-36.8246 -73.6546 20.6374 17.0600 11.2500 12.3936 10.7771 115.5753 6.9721
-36.8260 -73.5551 22.6209 17.0600 11.2500 13.2078 9.9834 115.9113 6.9821
-36.8437 -73.4557 24.8158 17.0600 11.2500 14.0496 9.0868 116.0218 6.0614
-36.8494 -73.3563 27.1009 17.0600 11.2500 14.9422 8.3839 116.1584 6.3284
-36.8629 -73.2568 29.5718 17.0600 11.2500 15.8886 7.7645 116.2780 5.5020
-36.8728 -73.1574 32.1920 17.0600 11.2500 16.8963 7.3414 116.4055 6.1698
-36.8820 -73.0579 34.9873 17.0600 11.2500 17.9703 7.1084 116.5343 5.3795
-36.9011 -72.9585 38.0172 17.0600 11.2500 19.1119 6.9890 116.6418 4.0413
-36.9203 -72.8591 41.2499 17.0600 11.2500 20.2969 7.0706 116.7494 3.4155
-36.9394 -72.7596 44.7002 17.0600 11.2500 21.4899 7.2961 116.8570 2.8206
-36.9585 -72.6602 48.3662 17.0600 11.2500 22.6371 7.6473 116.9645 2.0603