-76.6874 -48 -3.81304
-76.4063 -47.3675 -3.64904
-75.9725 -46.8805 -2.92398
-75.8545 -46.5717 -1.41003
-75.8272 -46.2629 -3.00098
-75.9271 -45.6181 -3.08707
-76.018 -45.2639 -3.22791
-75.8636 -44.8007 -3.23699
-75.7455 -44.2467 -3.3249
-75.5275 -43.4838 -3.29401
-75.5003 -42.9026 -3.51389
-75.4185 -42.3667 -3.44097
-75.3913 -41.6947 -3.73309
-75.1642 -41.0044 -3.66994
-75.1552 -40.5776 -4.12992
-74.9281 -40.0872 -3.99794
-74.9097 -39.8312 -3.87801
-74.8918 -39.5059 -3.61111
-74.8827 -39.2789 -4.07608
-74.8373 -38.7793 -4.303
-74.7465 -38.4887 -4.49404
-74.5557 -38.2163 -4.641
-74.5013 -37.8893 -4.09289
-74.5103 -37.5623 -4.55196
-74.4922 -37.2354 -4.11992
-74.3378 -36.7177 -4.48609
-74.1471 -36.2091 -4.75208
-73.8201 -35.6733 -4.72505
-73.5113 -34.9195 -4.226
-73.2637 -34.3137 -4.90609
-73.0219 -33.9511 -5.3229
-72.75 -32.8028 -5.69906
-72.6892 -32.0009 -5.78992
-72.5709 -31.0199 -6.19607
-72.5553 -30.6579 -6.22605
-72.5086 -30.3686 -6.32191
-72.4713 -30.0793 -6.34803
-72.4153 -29.7434 -6.29601
-72.3407 -29.4541 -6.26194
-72.266 -29.0248 -6.23195
-72.1727 -28.6049 -5.93394
-72.0327 -28.1476 -5.89396
-71.8834 -27.7743 -5.75403
-71.7527 -27.3264 -6.17108
-71.6967 -26.9624 -7.48605
-71.6034 -26.4212 -7.18303
-71.5101 -25.9359 -6.85593
-71.4541 -25.5813 -6.30396
-71.4168 -25.1147 -6.73509
-71.3981 -24.6107 -7.07899
-71.3608 -24.0881 -7.20211
-71.3235 -23.4536 -7.48695
-71.2301 -22.5577 -7.74091
-71.1275 -21.3912 -6.87706
-71.2208 -20.1687 -6.37801
-71.4914 -19.5061 -6.68989