! lat[deg] lon[deg] depth[km] length[km] width[km] dip[deg] strike[deg] rake [deg] slip_amp[m]
-30.6046 -72.5017 9.0963 10.0000 10.0000 6.7451 4.3548 90.3293 0.0206
-30.6046 -72.4117 10.1991 10.0000 10.0000 7.8721 4.2578 91.3424 0.0226
-30.6046 -72.3217 11.4820 10.0000 10.0000 9.1229 4.1712 92.3555 0.0248
-30.6046 -72.2317 12.9656 10.0000 10.0000 10.5092 4.0973 93.3686 0.0271
-30.6046 -72.1417 14.6720 10.0000 10.0000 12.0389 4.0406 94.3817 0.0293
-30.6046 -72.0516 16.6280 10.0000 10.0000 13.7136 4.0032 95.3948 0.0316
-30.6046 -71.9616 18.8735 10.0000 10.0000 15.5232 3.9831 96.4080 0.0339
-30.6046 -71.8716 21.4163 10.0000 10.0000 17.4212 3.9836 97.4211 0.0361
-30.6046 -71.7816 24.2712 10.0000 10.0000 19.3490 4.0070 98.4342 0.0382
-30.6046 -71.6916 27.4456 10.0000 10.0000 21.2319 4.0531 99.4473 0.0402
-30.6046 -71.6016 30.9349 10.0000 10.0000 22.9831 4.1258 100.4604 0.0420
-30.6046 -71.5116 34.7264 10.0000 10.0000 24.5029 4.2296 101.4735 0.0439
-30.6046 -71.4216 38.7624 10.0000 10.0000 25.7280 4.3673 102.4867 0.0456
-30.6046 -71.3316 42.9917 10.0000 10.0000 26.6070 4.5425 103.4998 0.0473
-30.6046 -71.2416 47.3473 10.0000 10.0000 27.1124 4.7631 104.5129 0.0489
-30.6946 -72.5119 9.0767 10.0000 10.0000 6.7143 4.4650 90.2698 0.1528
-30.6946 -72.4219 10.1711 10.0000 10.0000 7.8334 4.3353 91.2829 0.1783
-30.6946 -72.3319 11.4435 10.0000 10.0000 9.0763 4.2094 92.2960 0.2288
-30.6946 -72.2419 12.9140 10.0000 10.0000 10.4539 4.0943 93.3091 0.2999
-30.6946 -72.1518 14.6099 10.0000 10.0000 11.9786 3.9892 94.3223 0.3794
-30.6946 -72.0618 16.5662 10.0000 10.0000 13.6560 3.9026 95.3354 0.4517
-30.6946 -71.9718 18.7965 10.0000 10.0000 15.4626 3.8368 96.3485 0.5003
-30.6946 -71.8818 21.3235 10.0000 10.0000 17.3630 3.7934 97.3616 0.5326
-30.6946 -71.7918 24.1638 10.0000 10.0000 19.3009 3.7749 98.3747 0.5636
-30.6946 -71.7018 27.3284 10.0000 10.0000 21.2010 3.7841 99.3878 0.5935
-30.6946 -71.6118 30.8241 10.0000 10.0000 22.9663 3.8241 100.4010 0.5807
-30.6946 -71.5218 34.6092 10.0000 10.0000 24.5149 3.8986 101.4141 0.4880
-30.6946 -71.4318 38.6461 10.0000 10.0000 25.7751 4.0102 102.4272 0.3391
-30.6946 -71.3418 42.8817 10.0000 10.0000 26.6937 4.1643 103.4403 0.1762
-30.6946 -71.2518 47.2570 10.0000 10.0000 27.2349 4.3658 104.4534 0.0489
-30.7846 -72.5158 9.1274 10.0000 10.0000 6.7549 4.5452 90.2813 0.5468
-30.7846 -72.4257 10.2258 10.0000 10.0000 7.8731 4.3979 91.2944 0.6363
-30.7846 -72.3357 11.5019 10.0000 10.0000 9.1157 4.2465 92.3075 0.8142
-30.7846 -72.2457 12.9764 10.0000 10.0000 10.4940 4.0981 93.3207 1.0644
-30.7846 -72.1557 14.6814 10.0000 10.0000 12.0235 3.9575 94.3338 1.3437
-30.7846 -72.0657 16.6425 10.0000 10.0000 13.7037 3.8300 95.3469 1.5966
-30.7846 -71.9757 18.8773 10.0000 10.0000 15.5142 3.7231 96.3600 1.7645
-30.7846 -71.8857 21.4095 10.0000 10.0000 17.4203 3.6386 97.3731 1.8764
-30.7846 -71.7957 24.2554 10.0000 10.0000 19.3659 3.5811 98.3862 1.9831
-30.7846 -71.7057 27.4368 10.0000 10.0000 21.2730 3.5504 99.3994 2.0863
-30.7846 -71.6157 30.9423 10.0000 10.0000 23.0477 3.5532 100.4125 2.0390
-30.7846 -71.5257 34.7368 10.0000 10.0000 24.6077 3.5973 101.4256 1.7137
-30.7846 -71.4356 38.7884 10.0000 10.0000 25.8809 3.6772 102.4387 1.1925
-30.7846 -71.3456 43.0441 10.0000 10.0000 26.8130 3.7997 103.4518 0.6203
-30.7846 -71.2556 47.4423 10.0000 10.0000 27.3596 3.9747 104.4649 0.1723
-30.8746 -72.5196 9.1775 10.0000 10.0000 6.7950 4.5927 90.2928 1.0194
-30.8746 -72.4296 10.2801 10.0000 10.0000 7.9110 4.4436 91.3059 1.1816
-30.8746 -72.3396 11.5611 10.0000 10.0000 9.1515 4.2803 92.3191 1.5062
-30.8746 -72.2496 13.0382 10.0000 10.0000 10.5278 4.1125 93.3322 1.9607
-30.8746 -72.1596 14.7518 10.0000 10.0000 12.0597 3.9456 94.3453 2.4668
-30.8746 -72.0696 16.7153 10.0000 10.0000 13.7393 3.7870 95.3584 2.9214
-30.8746 -71.9796 18.9530 10.0000 10.0000 15.5510 3.6433 96.3715 3.2213
-30.8746 -71.8896 21.4864 10.0000 10.0000 17.4597 3.5231 97.3846 3.4172
-30.8746 -71.7996 24.3369 10.0000 10.0000 19.4112 3.4229 98.3978 3.6054
-30.8746 -71.7096 27.5288 10.0000 10.0000 21.3231 3.3552 99.4109 3.7868
-30.8746 -71.6195 31.0383 10.0000 10.0000 23.1068 3.3203 100.4240 3.6941
-30.8746 -71.5295 34.8456 10.0000 10.0000 24.6785 3.3151 101.4371 3.0977
-30.8746 -71.4395 38.9062 10.0000 10.0000 25.9658 3.3589 102.4502 2.1510
-30.8746 -71.3495 43.1757 10.0000 10.0000 26.9141 3.4421 103.4633 1.1196
-30.8746 -71.2595 47.5930 10.0000 10.0000 27.4690 3.5791 104.4765 0.3111
-30.9646 -72.5235 9.2298 10.0000 10.0000 6.8368 4.6037 90.3043 1.3696
-30.9646 -72.4335 10.3369 10.0000 10.0000 7.9495 4.4658 91.3175 1.5794
-30.9646 -72.3435 11.6208 10.0000 10.0000 9.1860 4.3058 92.3306 2.0022
-30.9646 -72.2535 13.1055 10.0000 10.0000 10.5616 4.1310 93.3437 2.5932
-30.9646 -72.1635 14.8207 10.0000 10.0000 12.0898 3.9504 94.3568 3.2459
-30.9646 -72.0735 16.7853 10.0000 10.0000 13.7659 3.7706 95.3699 3.8305
-30.9646 -71.9835 19.0237 10.0000 10.0000 15.5752 3.5983 96.3830 4.2099
-30.9646 -71.8935 21.5597 10.0000 10.0000 17.4839 3.4388 97.3962 4.4516
-30.9646 -71.8034 24.4161 10.0000 10.0000 19.4368 3.3035 98.4093 4.6833
-30.9646 -71.7134 27.6093 10.0000 10.0000 21.3521 3.1953 99.4224 4.9049
-30.9646 -71.6234 31.1210 10.0000 10.0000 23.1427 3.1153 100.4355 4.7723
-30.9646 -71.5334 34.9306 10.0000 10.0000 24.7250 3.0648 101.4486 3.9902
-30.9646 -71.4434 38.9985 10.0000 10.0000 26.0265 3.0591 102.4617 2.7620
-30.9646 -71.3534 43.2792 10.0000 10.0000 26.9839 3.0980 103.4749 1.4334
-30.9646 -71.2634 47.7086 10.0000 10.0000 27.5564 3.1832 104.4880 0.3979
-31.0546 -72.5301 9.2515 10.0000 10.0000 6.8491 4.5835 89.9015 1.4953
-31.0546 -72.4401 10.3577 10.0000 10.0000 7.9541 4.4702 90.9146 1.7139
-31.0546 -72.3501 11.6379 10.0000 10.0000 9.1814 4.3248 91.9277 2.1591
-31.0546 -72.2601 13.1268 10.0000 10.0000 10.5524 4.1553 92.9409 2.7803
-31.0546 -72.1700 14.8375 10.0000 10.0000 12.0697 3.9705 93.9540 3.4614
-31.0546 -72.0800 16.7936 10.0000 10.0000 13.7345 3.7771 94.9671 4.0653
-31.0546 -71.9900 19.0219 10.0000 10.0000 15.5338 3.5818 95.9802 4.4486
-31.0546 -71.9000 21.5445 10.0000 10.0000 17.4362 3.3944 96.9933 4.6842
-31.0546 -71.8100 24.4014 10.0000 10.0000 19.3864 3.2211 98.0064 4.9103
-31.0546 -71.7200 27.5815 10.0000 10.0000 21.3033 3.0683 99.0196 5.1254
-31.0546 -71.6300 31.0796 10.0000 10.0000 23.1034 2.9427 100.0327 4.9705
-31.0546 -71.5400 34.8771 10.0000 10.0000 24.7026 2.8444 101.0458 4.1417
-31.0546 -71.4500 38.9383 10.0000 10.0000 26.0278 2.7838 102.0589 2.8565
-31.0546 -71.3600 43.2237 10.0000 10.0000 26.9986 2.7649 103.0720 1.4764
-31.0546 -71.2700 47.6548 10.0000 10.0000 27.6025 2.7865 104.0851 0.4085
-31.1447 -72.5409 9.2211 10.0000 10.0000 6.8139 4.5299 90.1240 1.6124
-31.1447 -72.4509 10.3187 10.0000 10.0000 7.9057 4.4533 90.3856 1.8363
-31.1447 -72.3609 11.5988 10.0000 10.0000 9.1247 4.3348 91.2282 2.2990
-31.1447 -72.2709 13.0737 10.0000 10.0000 10.4772 4.1841 92.2413 2.9396
-31.1447 -72.1809 14.7658 10.0000 10.0000 11.9734 4.0069 93.2544 3.6384
-31.1447 -72.0909 16.7002 10.0000 10.0000 13.6164 3.8095 94.2675 4.2488
-31.1447 -72.0009 18.9031 10.0000 10.0000 15.3967 3.5998 95.2806 4.6270
-31.1447 -71.9109 21.4155 10.0000 10.0000 17.2873 3.3857 96.2938 4.8502
-31.1447 -71.8209 24.2394 10.0000 10.0000 19.2272 3.1787 97.3069 5.0626
-31.1447 -71.7309 27.3852 10.0000 10.0000 21.1444 2.9821 98.3200 5.2644
-31.1447 -71.6408 30.8493 10.0000 10.0000 22.9582 2.8074 99.3331 5.0868
-31.1447 -71.5508 34.6173 10.0000 10.0000 24.5825 2.6535 100.3462 4.2231
-31.1447 -71.4608 38.6667 10.0000 10.0000 25.9242 2.5326 101.3593 2.9016
-31.1447 -71.3708 42.9312 10.0000 10.0000 26.9385 2.4450 102.3725 1.4931
-31.1447 -71.2808 47.3507 10.0000 10.0000 27.5925 2.3951 103.3856 0.4112
-31.2347 -72.5518 9.1895 10.0000 10.0000 6.7830 4.4417 90.4996 1.7503
-31.2347 -72.4618 10.2873 10.0000 10.0000 7.8684 4.4047 90.7611 1.9824
-31.2347 -72.3718 11.5569 10.0000 10.0000 9.0719 4.3234 91.0227 2.4641
-31.2347 -72.2818 13.0193 10.0000 10.0000 10.4050 4.2030 91.5417 3.1280
-31.2347 -72.1918 14.6936 10.0000 10.0000 11.8787 4.0421 92.5548 3.8465
-31.2347 -72.1017 16.6082 10.0000 10.0000 13.4991 3.8490 93.5679 4.4651
-31.2347 -72.0117 18.8016 10.0000 10.0000 15.2613 3.6297 94.5811 4.8376
-31.2347 -71.9217 21.2827 10.0000 10.0000 17.1305 3.3974 95.5942 5.0448
-31.2347 -71.8317 24.0725 10.0000 10.0000 19.0549 3.1587 96.6073 5.2415
-31.2347 -71.7417 27.1812 10.0000 10.0000 20.9672 2.9210 97.6204 5.4268
-31.2347 -71.6517 30.6111 10.0000 10.0000 22.7864 2.6929 98.6335 5.2235
-31.2347 -71.5617 34.3580 10.0000 10.0000 24.4165 2.4855 99.6466 4.3202
-31.2347 -71.4717 38.3727 10.0000 10.0000 25.7865 2.2945 100.6598 2.9560
-31.2347 -71.3817 42.6094 10.0000 10.0000 26.8412 2.1357 101.6729 1.5144
-31.2347 -71.2917 47.0101 10.0000 10.0000 27.5428 2.0069 102.6860 0.4152
-31.3247 -72.5626 9.1625 10.0000 10.0000 6.7611 4.3177 90.8751 1.9056
-31.3247 -72.4726 10.2518 10.0000 10.0000 7.8348 4.3245 91.1367 2.1457
-31.3247 -72.3826 11.5139 10.0000 10.0000 9.0235 4.2913 91.3983 2.6481
-31.3247 -72.2926 12.9618 10.0000 10.0000 10.3372 4.2025 91.6599 3.3374
-31.3247 -72.2026 14.6231 10.0000 10.0000 11.7898 4.0656 91.9215 4.0778
-31.3247 -72.1126 16.5295 10.0000 10.0000 13.3909 3.8822 92.8684 4.7068
-31.3247 -72.0226 18.6968 10.0000 10.0000 15.1255 3.6625 93.8815 5.0699
-31.3247 -71.9326 21.1491 10.0000 10.0000 16.9648 3.4112 94.8946 5.2599
-31.3247 -71.8426 23.9028 10.0000 10.0000 18.8689 3.1437 95.9077 5.4382
-31.3247 -71.7526 26.9767 10.0000 10.0000 20.7701 2.8678 96.9208 5.6053
-31.3247 -71.6626 30.3803 10.0000 10.0000 22.5806 2.5911 97.9339 5.3746
-31.3247 -71.5725 34.0840 10.0000 10.0000 24.2203 2.3229 98.9471 4.4268
-31.3247 -71.4825 38.0587 10.0000 10.0000 25.6158 2.0718 99.9602 3.0168
-31.3247 -71.3925 42.2611 10.0000 10.0000 26.7066 1.8410 100.9733 1.5386
-31.3247 -71.3025 46.6372 10.0000 10.0000 27.4463 1.6314 101.9864 0.4199
-31.4147 -72.5735 9.1288 10.0000 10.0000 6.7405 4.1539 91.2507 2.0701
-31.4147 -72.4835 10.2147 10.0000 10.0000 7.8054 4.2174 91.5122 2.3188
-31.4147 -72.3935 11.4654 10.0000 10.0000 8.9796 4.2235 91.7738 2.8424
-31.4147 -72.3035 12.9055 10.0000 10.0000 10.2773 4.1729 92.0354 3.5585
-31.4147 -72.2135 14.5627 10.0000 10.0000 11.7119 4.0647 92.2970 4.3223
-31.4147 -72.1235 16.4505 10.0000 10.0000 13.2834 3.8991 92.5586 4.9602
-31.4147 -72.0334 18.5921 10.0000 10.0000 14.9870 3.6824 93.1819 5.3131
-31.4147 -71.9434 21.0124 10.0000 10.0000 16.7973 3.4230 94.1950 5.4839
-31.4147 -71.8534 23.7362 10.0000 10.0000 18.6749 3.1305 95.2081 5.6434
-31.4147 -71.7634 26.7832 10.0000 10.0000 20.5554 2.8204 96.2212 5.7915
-31.4147 -71.6734 30.1416 10.0000 10.0000 22.3564 2.4992 97.2344 5.5312
-31.4147 -71.5834 33.7986 10.0000 10.0000 24.0004 2.1771 98.2475 4.5380
-31.4147 -71.4934 37.7277 10.0000 10.0000 25.4137 1.8612 99.2606 3.0810
-31.4147 -71.4034 41.8926 10.0000 10.0000 26.5277 1.5578 100.2737 1.5648
-31.4147 -71.3134 46.2369 10.0000 10.0000 27.2897 1.2659 101.2868 0.4252
-31.5047 -72.5844 9.0913 10.0000 10.0000 6.7217 3.9586 91.6262 2.2365
-31.5047 -72.4943 10.1692 10.0000 10.0000 7.7780 4.0635 91.8878 2.4925
-31.5047 -72.4043 11.4166 10.0000 10.0000 8.9429 4.1142 92.1494 3.0380
-31.5047 -72.3143 12.8551 10.0000 10.0000 10.2278 4.1040 92.4110 3.7812
-31.5047 -72.2243 14.4985 10.0000 10.0000 11.6383 4.0292 92.6726 4.5675
-31.5047 -72.1343 16.3675 10.0000 10.0000 13.1798 3.8863 92.9341 5.2126
-31.5047 -72.0443 18.4852 10.0000 10.0000 14.8478 3.6791 93.1957 5.5544
-31.5047 -71.9543 20.8815 10.0000 10.0000 16.6272 3.4145 93.4954 5.7066
-31.5047 -71.8643 23.5806 10.0000 10.0000 18.4719 3.1028 94.5085 5.8470
-31.5047 -71.7743 26.5839 10.0000 10.0000 20.3230 2.7595 95.5217 5.9750
-31.5047 -71.6843 29.8936 10.0000 10.0000 22.1084 2.3963 96.5348 5.6847
-31.5047 -71.5943 33.5001 10.0000 10.0000 23.7524 2.0250 97.5479 4.6474
-31.5047 -71.5042 37.3850 10.0000 10.0000 25.1716 1.6508 98.5610 3.1449
-31.5047 -71.4142 41.5088 10.0000 10.0000 26.2973 1.2826 99.5741 1.5914
-31.5047 -71.3242 45.8071 10.0000 10.0000 27.0945 0.9174 100.5872 0.4307
-31.5947 -72.5952 9.0468 10.0000 10.0000 6.7025 3.7221 92.0017 2.3945
-31.5947 -72.5052 10.1241 10.0000 10.0000 7.7560 3.8663 92.2633 2.6578
-31.5947 -72.4152 11.3710 10.0000 10.0000 8.9138 3.9579 92.5249 3.2245
-31.5947 -72.3252 12.7994 10.0000 10.0000 10.1818 3.9869 92.7865 3.9928
-31.5947 -72.2352 14.4297 10.0000 10.0000 11.5683 3.9474 93.0481 4.7997
-31.5947 -72.1452 16.2801 10.0000 10.0000 13.0797 3.8311 93.3097 5.4498
-31.5947 -72.0552 18.3825 10.0000 10.0000 14.7149 3.6377 93.5713 5.7815
-31.5947 -71.9651 20.7591 10.0000 10.0000 16.4552 3.3731 93.8329 5.9156
-31.5947 -71.8751 23.4204 10.0000 10.0000 18.2629 3.0518 94.0945 6.0372
-31.5947 -71.7851 26.3791 10.0000 10.0000 20.0819 2.6860 94.8221 6.1461
-31.5947 -71.6951 29.6382 10.0000 10.0000 21.8453 2.2881 95.8352 5.8275
-31.5947 -71.6051 33.1984 10.0000 10.0000 23.4739 1.8708 96.8483 4.7498
-31.5947 -71.5151 37.0360 10.0000 10.0000 24.8902 1.4474 97.8614 3.2046
-31.5947 -71.4251 41.1027 10.0000 10.0000 26.0343 1.0201 98.8745 1.6165
-31.5947 -71.3351 45.3491 10.0000 10.0000 26.8629 0.5913 99.8877 0.4362
-31.6847 -72.6061 9.0007 10.0000 10.0000 6.6849 3.4439 92.3773 2.5352
-31.6847 -72.5161 10.0775 10.0000 10.0000 7.7370 3.6194 92.6389 2.8050
-31.6847 -72.4260 11.3159 10.0000 10.0000 8.8854 3.7449 92.9005 3.3895
-31.6847 -72.3360 12.7373 10.0000 10.0000 10.1379 3.8155 93.1621 4.1808
-31.6847 -72.2460 14.3543 10.0000 10.0000 11.5012 3.8109 93.4237 5.0045
-31.6847 -72.1560 16.1970 10.0000 10.0000 12.9849 3.7225 93.6852 5.6608
-31.6847 -72.0660 18.2836 10.0000 10.0000 14.5866 3.5470 93.9468 5.9823
-31.6847 -71.9760 20.6307 10.0000 10.0000 16.2822 3.2929 94.2084 6.0987
-31.6847 -71.8860 23.2540 10.0000 10.0000 18.0466 2.9688 94.4700 6.2033
-31.6847 -71.7960 26.1673 10.0000 10.0000 19.8304 2.5896 94.7316 6.2960
-31.6847 -71.7060 29.3846 10.0000 10.0000 21.5623 2.1662 95.1356 5.9530
-31.6847 -71.6160 32.8967 10.0000 10.0000 23.1727 1.7182 96.1487 4.8396
-31.6847 -71.5260 36.6730 10.0000 10.0000 24.5871 1.2536 97.1619 3.2570
-31.6847 -71.4359 40.6761 10.0000 10.0000 25.7439 0.7764 98.1750 1.6391
-31.6847 -71.3459 44.8669 10.0000 10.0000 26.6014 29.5354 99.1881 0.4412
-31.7747 -72.6169 8.9497 10.0000 10.0000 6.6645 3.1286 92.7528 2.6507
-31.7747 -72.5269 10.0219 10.0000 10.0000 7.7151 3.3276 93.0144 2.9256
-31.7747 -72.4369 11.2534 10.0000 10.0000 8.8561 3.4838 93.2760 3.5240
-31.7747 -72.3469 12.6654 10.0000 10.0000 10.0948 3.5875 93.5376 4.3336
-31.7747 -72.2569 14.2800 10.0000 10.0000 11.4407 3.6150 93.7992 5.1730
-31.7747 -72.1669 16.1112 10.0000 10.0000 12.8977 3.5547 94.0608 5.8326
-31.7747 -72.0769 18.1767 10.0000 10.0000 14.4602 3.4060 94.3224 6.1465
-31.7747 -71.9869 20.4945 10.0000 10.0000 16.1135 3.1701 94.5840 6.2480
-31.7747 -71.8968 23.0805 10.0000 10.0000 17.8310 2.8541 94.8456 6.3385
-31.7747 -71.8068 25.9604 10.0000 10.0000 19.5728 2.4693 95.1071 6.4185
-31.7747 -71.7168 29.1326 10.0000 10.0000 21.2717 2.0344 95.3687 6.0552
-31.7747 -71.6268 32.5846 10.0000 10.0000 22.8594 1.5650 95.6303 4.9127
-31.7747 -71.5368 36.2932 10.0000 10.0000 24.2646 1.0698 96.4623 3.2998
-31.7747 -71.4468 40.2363 10.0000 10.0000 25.4357 0.5642 97.4754 1.6581
-31.7747 -71.3568 44.3726 10.0000 10.0000 26.3048 129.0885 98.4885 0.4456
-31.8647 -72.6278 8.8928 10.0000 10.0000 6.6401 2.7904 93.1284 2.7365
-31.8647 -72.5378 9.9564 10.0000 10.0000 7.6880 3.0007 93.3900 3.0145
-31.8647 -72.4478 11.1816 10.0000 10.0000 8.8241 3.1801 93.6516 3.6230
-31.8647 -72.3577 12.5923 10.0000 10.0000 10.0554 3.3066 93.9132 4.4476
-31.8647 -72.2677 14.1991 10.0000 10.0000 11.3836 3.3629 94.1747 5.2977
-31.8647 -72.1777 16.0176 10.0000 10.0000 12.8081 3.3382 94.4363 5.9603
-31.8647 -72.0877 18.0608 10.0000 10.0000 14.3331 3.2181 94.6979 6.2686
-31.8647 -71.9977 20.3495 10.0000 10.0000 15.9425 3.0065 94.9595 6.3585
-31.8647 -71.9077 22.9118 10.0000 10.0000 17.6187 2.7036 95.2211 6.4390
-31.8647 -71.8177 25.7520 10.0000 10.0000 19.3149 2.3267 95.4827 6.5093
-31.8647 -71.7277 28.8680 10.0000 10.0000 20.9704 1.8924 95.7443 6.1305
-31.8647 -71.6377 32.2605 10.0000 10.0000 22.5370 1.4158 96.0059 4.9668
-31.8647 -71.5477 35.9078 10.0000 10.0000 23.9377 0.9105 96.2675 3.3318
-31.8647 -71.4577 39.7929 10.0000 10.0000 25.1023 0.3868 96.7758 1.6726
-31.8647 -71.3676 43.8681 10.0000 10.0000 25.9874 338.8051 97.7889 0.4492
-31.9547 -72.6386 8.8249 10.0000 10.0000 6.6055 2.4437 93.5039 2.7912
-31.9547 -72.5486 9.8806 10.0000 10.0000 7.6539 2.6555 93.7655 3.0706
-31.9547 -72.4586 11.1071 10.0000 10.0000 8.7913 2.8445 94.0271 3.6863
-31.9547 -72.3686 12.5127 10.0000 10.0000 10.0142 2.9903 94.2887 4.5210
-31.9547 -72.2786 14.1087 10.0000 10.0000 11.3235 3.0733 94.5503 5.3780
-31.9547 -72.1886 15.9104 10.0000 10.0000 12.7219 3.0771 94.8119 6.0425
-31.9547 -72.0986 17.9332 10.0000 10.0000 14.2090 2.9899 95.0735 6.3471
-31.9547 -72.0086 20.2072 10.0000 10.0000 15.7804 2.8025 95.3351 6.4300
-31.9547 -71.9186 22.7375 10.0000 10.0000 17.4067 2.5256 95.5967 6.5034
-31.9547 -71.8285 25.5328 10.0000 10.0000 19.0567 2.1687 95.8582 6.5670
-31.9547 -71.7385 28.5971 10.0000 10.0000 20.6775 1.7484 96.1198 6.1781
-31.9547 -71.6485 31.9285 10.0000 10.0000 22.2162 1.2791 96.3814 5.0015
-31.9547 -71.5585 35.5245 10.0000 10.0000 23.5963 0.7755 96.6430 3.3526
-31.9547 -71.4685 39.3463 10.0000 10.0000 24.7619 0.2511 96.9046 1.6827
-31.9547 -71.3785 43.3498 10.0000 10.0000 25.6643 359.7146 97.1662 0.4518
-32.0447 -72.6475 8.7710 10.0000 10.0000 6.5845 2.1174 93.8852 2.8197
-32.0447 -72.5575 9.8289 10.0000 10.0000 7.6401 2.3194 94.1468 3.0987
-32.0447 -72.4675 11.0529 10.0000 10.0000 8.7783 2.5078 94.4084 3.7187
-32.0447 -72.3775 12.4527 10.0000 10.0000 9.9950 2.6623 94.6700 4.5590
-32.0447 -72.2875 14.0409 10.0000 10.0000 11.2911 2.7620 94.9316 5.4193
-32.0447 -72.1975 15.8324 10.0000 10.0000 12.6671 2.7897 95.1931 6.0849
-32.0447 -72.1075 17.8518 10.0000 10.0000 14.1247 2.7278 95.4547 6.3868
-32.0447 -72.0175 20.1071 10.0000 10.0000 15.6549 2.5711 95.7163 6.4664
-32.0447 -71.9274 22.6089 10.0000 10.0000 17.2376 2.3239 95.9779 6.5352
-32.0447 -71.8374 25.3673 10.0000 10.0000 18.8421 1.9952 96.2395 6.5951
-32.0447 -71.7474 28.3877 10.0000 10.0000 20.4262 1.5982 96.5011 6.2009
-32.0447 -71.6574 31.6785 10.0000 10.0000 21.9279 1.1480 96.7627 5.0188
-32.0447 -71.5674 35.2183 10.0000 10.0000 23.2877 0.6615 97.0243 3.3634
-32.0447 -71.4774 38.9766 10.0000 10.0000 24.4483 162.8540 97.2858 1.6883
-32.0447 -71.3874 42.9218 10.0000 10.0000 25.3632 359.6296 97.5474 0.4536
-32.1348 -72.6543 8.7376 10.0000 10.0000 6.5806 1.8404 94.2725 2.8282
-32.1348 -72.5643 9.7951 10.0000 10.0000 7.6422 2.0240 94.5340 3.1051
-32.1348 -72.4743 11.0168 10.0000 10.0000 8.7828 2.2014 94.7956 3.7272
-32.1348 -72.3843 12.4157 10.0000 10.0000 9.9978 2.3529 95.0572 4.5695
-32.1348 -72.2943 14.0013 10.0000 10.0000 11.2843 2.4600 95.3188 5.4305
-32.1348 -72.2043 15.7928 10.0000 10.0000 12.6444 2.5008 95.5804 6.0963
-32.1348 -72.1143 17.8063 10.0000 10.0000 14.0768 2.4591 95.8420 6.3958
-32.1348 -72.0243 20.0476 10.0000 10.0000 15.5722 2.3300 96.1036 6.4736
-32.1348 -71.9343 22.5288 10.0000 10.0000 17.1146 2.1135 96.3652 6.5409
-32.1348 -71.8443 25.2586 10.0000 10.0000 18.6748 1.8182 96.6268 6.5994
-32.1348 -71.7543 28.2490 10.0000 10.0000 20.2160 1.4523 96.8883 6.2044
-32.1348 -71.6642 31.5003 10.0000 10.0000 21.6837 1.0313 97.1499 5.0219
-32.1348 -71.5742 34.9906 10.0000 10.0000 23.0211 0.5736 97.4115 3.3660
-32.1348 -71.4842 38.6934 10.0000 10.0000 24.1710 113.6599 97.6731 1.6906
-32.1348 -71.3942 42.5828 10.0000 10.0000 25.0897 359.5999 97.9347 0.4545
-32.2248 -72.6612 8.7002 10.0000 10.0000 6.5679 1.6401 94.6597 2.8214
-32.2248 -72.5712 9.7555 10.0000 10.0000 7.6363 1.7909 94.9213 3.0977
-32.2248 -72.4812 10.9730 10.0000 10.0000 8.7791 1.9506 95.1829 3.7198
-32.2248 -72.3911 12.3687 10.0000 10.0000 9.9932 2.0888 95.4445 4.5609
-32.2248 -72.3011 13.9514 10.0000 10.0000 11.2728 2.1931 95.7061 5.4208
-32.2248 -72.2111 15.7444 10.0000 10.0000 12.6196 2.2385 95.9677 6.0856
-32.2248 -72.1211 17.7487 10.0000 10.0000 14.0279 2.2129 96.2292 6.3837
-32.2248 -72.0311 19.9766 10.0000 10.0000 15.4867 2.1106 96.4908 6.4611
-32.2248 -71.9411 22.4370 10.0000 10.0000 16.9932 1.9235 96.7524 6.5284
-32.2248 -71.8511 25.1412 10.0000 10.0000 18.5144 1.6620 97.0140 6.5873
-32.2248 -71.7611 28.1065 10.0000 10.0000 20.0184 1.3293 97.2756 6.1942
-32.2248 -71.6711 31.3136 10.0000 10.0000 21.4501 0.9504 97.5372 5.0147
-32.2248 -71.5811 34.7556 10.0000 10.0000 22.7666 0.5313 97.7988 3.3629
-32.2248 -71.4911 38.4113 10.0000 10.0000 23.9112 64.5160 98.0604 1.6904
-32.2248 -71.4010 42.2504 10.0000 10.0000 24.8324 359.6304 98.3220 0.4550
-32.3148 -72.6680 8.6600 10.0000 10.0000 6.5483 1.5380 95.0470 2.8087
-32.3148 -72.5780 9.7096 10.0000 10.0000 7.6203 1.6545 95.3086 3.0852
-32.3148 -72.4880 10.9238 10.0000 10.0000 8.7674 1.7806 95.5702 3.7067
-32.3148 -72.3980 12.3133 10.0000 10.0000 9.9805 1.8997 95.8317 4.5451
-32.3148 -72.3080 13.8993 10.0000 10.0000 11.2570 1.9888 96.0933 5.4030
-32.3148 -72.2179 15.6867 10.0000 10.0000 12.5896 2.0299 96.3549 6.0654
-32.3148 -72.1279 17.6810 10.0000 10.0000 13.9767 2.0127 96.6165 6.3626
-32.3148 -72.0379 19.8946 10.0000 10.0000 15.4080 1.9269 96.8781 6.4400
-32.3148 -71.9479 22.3356 10.0000 10.0000 16.8792 1.7673 97.1397 6.5079
-32.3148 -71.8579 25.0247 10.0000 10.0000 18.3669 1.5341 97.4013 6.5678
-32.3148 -71.7679 27.9575 10.0000 10.0000 19.8353 1.2399 97.6629 6.1778
-32.3148 -71.6779 31.1260 10.0000 10.0000 21.2383 0.9028 97.9245 5.0032
-32.3148 -71.5879 34.5263 10.0000 10.0000 22.5374 0.5236 98.1860 3.3569
-32.3148 -71.4979 38.1341 10.0000 10.0000 23.6732 15.4184 98.4476 1.6890
-32.3148 -71.4079 41.9303 10.0000 10.0000 24.5878 359.7167 98.7092 0.4551
-32.4048 -72.6748 8.6178 10.0000 10.0000 6.5208 1.5667 95.4342 2.8002
-32.4048 -72.5848 9.6608 10.0000 10.0000 7.5961 1.6403 95.6958 3.0769
-32.4048 -72.4948 10.8689 10.0000 10.0000 8.7463 1.7261 95.9574 3.6975
-32.4048 -72.4048 12.2587 10.0000 10.0000 9.9618 1.8092 96.2190 4.5333
-32.4048 -72.3148 13.8411 10.0000 10.0000 11.2340 1.8730 96.4806 5.3888
-32.4048 -72.2248 15.6202 10.0000 10.0000 12.5560 1.9002 96.7422 6.0480
-32.4048 -72.1348 17.6052 10.0000 10.0000 13.9235 1.8787 97.0038 6.3446
-32.4048 -72.0448 19.8044 10.0000 10.0000 15.3322 1.8003 97.2654 6.4215
-32.4048 -71.9547 22.2337 10.0000 10.0000 16.7748 1.6575 97.5269 6.4897
-32.4048 -71.8647 24.9014 10.0000 10.0000 18.2287 1.4526 97.7885 6.5502
-32.4048 -71.7747 27.8032 10.0000 10.0000 19.6645 1.1956 98.0501 6.1630
-32.4048 -71.6847 30.9382 10.0000 10.0000 21.0468 0.8941 98.3117 4.9927
-32.4048 -71.5947 34.2962 10.0000 10.0000 22.3268 0.5637 98.5733 3.3515
-32.4048 -71.5047 37.8686 10.0000 10.0000 23.4528 0.2095 98.8349 1.6874
-32.4048 -71.4147 41.6230 10.0000 10.0000 24.3691 325.4427 99.0965 0.4551
-32.4948 -72.6816 8.5770 10.0000 10.0000 6.4888 1.7474 95.8215 2.8041
-32.4948 -72.5916 9.6128 10.0000 10.0000 7.5663 1.7698 96.0831 3.0813
-32.4948 -72.5016 10.8159 10.0000 10.0000 8.7192 1.8050 96.3447 3.7013
-32.4948 -72.4116 12.2044 10.0000 10.0000 9.9360 1.8448 96.6063 4.5358
-32.4948 -72.3216 13.7797 10.0000 10.0000 11.2039 1.8713 96.8679 5.3893
-32.4948 -72.2316 15.5503 10.0000 10.0000 12.5164 1.8709 97.1294 6.0457
-32.4948 -72.1416 17.5239 10.0000 10.0000 13.8697 1.8348 97.3910 6.3405
-32.4948 -72.0516 19.7114 10.0000 10.0000 15.2578 1.7511 97.6526 6.4157
-32.4948 -71.9616 22.1300 10.0000 10.0000 16.6740 1.6152 97.9142 6.4828
-32.4948 -71.8716 24.7747 10.0000 10.0000 18.1015 1.4296 98.1758 6.5430
-32.4948 -71.7816 27.6490 10.0000 10.0000 19.5127 1.2000 98.4374 6.1569
-32.4948 -71.6915 30.7508 10.0000 10.0000 20.8729 0.9359 98.6990 4.9879
-32.4948 -71.6015 34.0755 10.0000 10.0000 22.1394 0.6455 98.9606 3.3494
-32.4948 -71.5115 37.6137 10.0000 10.0000 23.2544 0.3403 99.2221 1.6870
-32.4948 -71.4215 41.3294 10.0000 10.0000 24.1775 205.1119 99.4837 0.4552
-32.5848 -72.6885 8.5410 10.0000 10.0000 6.4553 2.0928 96.2088 2.8266
-32.5848 -72.5985 9.5694 10.0000 10.0000 7.5334 2.0558 96.4703 3.1043
-32.5848 -72.5084 10.7722 10.0000 10.0000 8.6891 2.0340 96.7319 3.7250
-32.5848 -72.4184 12.1533 10.0000 10.0000 9.9043 2.0181 96.9935 4.5605
-32.5848 -72.3284 13.7200 10.0000 10.0000 11.1676 1.9982 97.2551 5.4135
-32.5848 -72.2384 15.4806 10.0000 10.0000 12.4717 1.9608 97.5167 6.0676
-32.5848 -72.1484 17.4425 10.0000 10.0000 13.8118 1.8965 97.7783 6.3592
-32.5848 -72.0584 19.6248 10.0000 10.0000 15.1843 1.7952 98.0399 6.4307
-32.5848 -71.9684 22.0256 10.0000 10.0000 16.5800 1.6555 98.3015 6.4952
-32.5848 -71.8784 24.6483 10.0000 10.0000 17.9825 1.4788 98.5631 6.5529
-32.5848 -71.7884 27.4964 10.0000 10.0000 19.3730 1.2690 98.8246 6.1646
-32.5848 -71.6984 30.5691 10.0000 10.0000 20.7182 1.0319 99.0862 4.9929
-32.5848 -71.6084 33.8693 10.0000 10.0000 21.9690 0.7783 99.3478 3.3529
-32.5848 -71.5183 37.3740 10.0000 10.0000 23.0832 0.5118 99.6094 1.6886
-32.5848 -71.4283 41.0543 10.0000 10.0000 24.0134 0.2457 99.8710 0.4557
-32.6748 -72.6953 8.5125 10.0000 10.0000 6.4233 2.6068 96.5960 2.8736
-32.6748 -72.6053 9.5390 10.0000 10.0000 7.5026 2.5039 96.8576 3.1504
-32.6748 -72.5153 10.7357 10.0000 10.0000 8.6566 2.4184 97.1192 3.7737
-32.6748 -72.4253 12.1086 10.0000 10.0000 9.8685 2.3407 97.3808 4.6130
-32.6748 -72.3353 13.6653 10.0000 10.0000 11.1271 2.2706 97.6424 5.4675
-32.6748 -72.2452 15.4157 10.0000 10.0000 12.4232 2.1812 97.9040 6.1201
-32.6748 -72.1552 17.3724 10.0000 10.0000 13.7521 2.0742 98.1655 6.4072
-32.6748 -72.0652 19.5422 10.0000 10.0000 15.1090 1.9441 98.4271 6.4725
-32.6748 -71.9752 21.9252 10.0000 10.0000 16.4861 1.7895 98.6887 6.5315
-32.6748 -71.8852 24.5273 10.0000 10.0000 17.8739 1.6114 98.9503 6.5844
-32.6748 -71.7952 27.3507 10.0000 10.0000 19.2468 1.4107 99.2119 6.1898
-32.6748 -71.7052 30.4031 10.0000 10.0000 20.5772 1.1931 99.4735 5.0103
-32.6748 -71.6152 33.6753 10.0000 10.0000 21.8198 0.9685 99.7351 3.3633
-32.6748 -71.5252 37.1493 10.0000 10.0000 22.9349 0.7364 99.9967 1.6929
-32.6748 -71.4352 40.7983 10.0000 10.0000 23.8743 0.5133 100.2583 0.4567
-32.7648 -72.7021 8.4972 10.0000 10.0000 6.3980 3.2822 96.9833 2.9467
-32.7648 -72.6121 9.5215 10.0000 10.0000 7.4757 3.1135 97.2449 3.2223
-32.7648 -72.5221 10.7106 10.0000 10.0000 8.6253 2.9610 97.5065 3.8507
-32.7648 -72.4321 12.0742 10.0000 10.0000 9.8324 2.8238 97.7680 4.6969
-32.7648 -72.3421 13.6225 10.0000 10.0000 11.0839 2.6797 98.0296 5.5551
-32.7648 -72.2521 15.3639 10.0000 10.0000 12.3720 2.5376 98.2912 6.2067
-32.7648 -72.1621 17.3135 10.0000 10.0000 13.6914 2.3866 98.5528 6.4869
-32.7648 -72.0721 19.4685 10.0000 10.0000 15.0344 2.2161 98.8144 6.5430
-32.7648 -71.9820 21.8340 10.0000 10.0000 16.3984 2.0384 99.0760 6.5937
-32.7648 -71.8920 24.4155 10.0000 10.0000 17.7698 1.8454 99.3376 6.6398
-32.7648 -71.8020 27.2190 10.0000 10.0000 19.1310 1.6435 99.5992 6.2343
-32.7648 -71.7120 30.2520 10.0000 10.0000 20.4500 1.4371 99.8608 5.0413
-32.7648 -71.6220 33.4974 10.0000 10.0000 21.6898 1.2320 100.1223 3.3812
-32.7648 -71.5320 36.9420 10.0000 10.0000 22.8075 1.0330 100.3839 1.7002
-32.7648 -71.4420 40.5650 10.0000 10.0000 23.7591 0.8427 100.6455 0.4583
-32.8548 -72.7173 8.4154 10.0000 10.0000 6.2901 4.1399 97.3462 3.0394
-32.8548 -72.6273 9.4176 10.0000 10.0000 7.3531 3.9020 97.6078 3.3150
-32.8548 -72.5373 10.5817 10.0000 10.0000 8.4897 3.6822 97.8694 3.9509
-32.8548 -72.4473 11.9190 10.0000 10.0000 9.6844 3.4700 98.1310 4.8065
-32.8548 -72.3573 13.4460 10.0000 10.0000 10.9258 3.2656 98.3926 5.6708
-32.8548 -72.2673 15.1660 10.0000 10.0000 12.2021 3.0611 98.6541 6.3227
-32.8548 -72.1773 17.0819 10.0000 10.0000 13.5072 2.8562 98.9157 6.5937
-32.8548 -72.0873 19.2000 10.0000 10.0000 14.8366 2.6464 99.1773 6.6384
-32.8548 -71.9972 21.5260 10.0000 10.0000 16.1857 2.4332 99.4389 6.6782
-32.8548 -71.9072 24.0749 10.0000 10.0000 17.5464 2.2205 99.7005 6.7148
-32.8548 -71.8172 26.8446 10.0000 10.0000 18.8990 2.0084 99.9621 6.2955
-32.8548 -71.7272 29.8315 10.0000 10.0000 20.2180 1.8031 100.2237 5.0835
-32.8548 -71.6372 33.0309 10.0000 10.0000 21.4676 1.6078 100.4853 3.4050
-32.8548 -71.5472 36.4315 10.0000 10.0000 22.6069 1.4260 100.7469 1.7099
-32.8548 -71.4572 40.0215 10.0000 10.0000 23.5823 1.2616 101.0084 0.4604
-32.9448 -72.7386 8.2865 10.0000 10.0000 6.1264 5.1855 97.6914 3.1547
-32.9448 -72.6486 9.2564 10.0000 10.0000 7.1678 4.8772 97.9529 3.4300
-32.9448 -72.5586 10.3940 10.0000 10.0000 8.2881 4.5859 98.2145 4.0755
-32.9448 -72.4686 11.7032 10.0000 10.0000 9.4674 4.3083 98.4761 4.9441
-32.9448 -72.3786 13.1914 10.0000 10.0000 10.6921 4.0405 98.7377 5.8173
-32.9448 -72.2886 14.8662 10.0000 10.0000 11.9519 3.7759 98.9993 6.4698
-32.9448 -72.1986 16.7340 10.0000 10.0000 13.2403 3.5135 99.2609 6.7304
-32.9448 -72.1086 18.8115 10.0000 10.0000 14.5550 3.2557 99.5225 6.7608
-32.9448 -72.0186 21.0960 10.0000 10.0000 15.8916 3.0062 99.7841 6.7872
-32.9448 -71.9285 23.5914 10.0000 10.0000 17.2412 2.7636 100.0457 6.8108
-32.9448 -71.8385 26.3015 10.0000 10.0000 18.5899 2.5326 100.3072 6.3741
-32.9448 -71.7485 29.2279 10.0000 10.0000 19.9147 2.3167 100.5688 5.1377
-32.9448 -71.6585 32.3786 10.0000 10.0000 21.1783 2.1210 100.8304 3.4355
-32.9448 -71.5685 35.7344 10.0000 10.0000 22.3398 1.9464 101.0920 1.7227
-32.9448 -71.4785 39.2751 10.0000 10.0000 23.3553 1.7954 101.3536 0.4631
-33.0348 -72.7599 8.1834 10.0000 10.0000 5.9856 6.3869 98.1103 3.2919
-33.0348 -72.6699 9.1344 10.0000 10.0000 7.0091 6.0122 98.3719 3.5659
-33.0348 -72.5799 10.2393 10.0000 10.0000 8.1085 5.6650 98.6335 4.2235
-33.0348 -72.4899 11.5130 10.0000 10.0000 9.2672 5.3201 98.8951 5.1075
-33.0348 -72.3999 12.9613 10.0000 10.0000 10.4732 4.9907 99.1567 5.9920
-33.0348 -72.3099 14.6044 10.0000 10.0000 11.7172 4.6703 99.4182 6.6454
-33.0348 -72.2199 16.4385 10.0000 10.0000 12.9895 4.3536 99.6798 6.8943
-33.0348 -72.1299 18.4682 10.0000 10.0000 14.2888 4.0510 99.9414 6.9081
-33.0348 -72.0399 20.7000 10.0000 10.0000 15.6117 3.7622 100.2030 6.9184
-33.0348 -71.9499 23.1399 10.0000 10.0000 16.9512 3.4843 100.4646 6.9265
-33.0348 -71.8598 25.8058 10.0000 10.0000 18.2963 3.2286 100.7262 6.4690
-33.0348 -71.7698 28.6871 10.0000 10.0000 19.6231 2.9948 100.9878 5.2045
-33.0348 -71.6798 31.7820 10.0000 10.0000 20.9015 2.7889 101.2494 3.4733
-33.0348 -71.5898 35.0826 10.0000 10.0000 22.0917 2.6097 101.5110 1.7383
-33.0348 -71.4998 38.5742 10.0000 10.0000 23.1506 2.4599 101.7725 0.4665
-33.1249 -72.7813 8.1092 10.0000 10.0000 5.8715 7.7222 98.6461 3.4375
-33.1249 -72.6912 9.0329 10.0000 10.0000 6.8725 7.2943 98.9077 3.7145
-33.1249 -72.6012 10.1099 10.0000 10.0000 7.9507 6.8853 99.1693 4.3843
-33.1249 -72.5112 11.3596 10.0000 10.0000 9.0928 6.4920 99.4309 5.2867
-33.1249 -72.4212 12.7823 10.0000 10.0000 10.2814 6.1110 99.6925 6.1836
-33.1249 -72.3312 14.3870 10.0000 10.0000 11.5049 5.7349 99.9540 6.8383
-33.1249 -72.2412 16.1763 10.0000 10.0000 12.7609 5.3789 100.2156 7.0751
-33.1249 -72.1512 18.1609 10.0000 10.0000 14.0434 5.0317 100.4772 7.0708
-33.1249 -72.0612 20.3554 10.0000 10.0000 15.3530 4.7038 100.7388 7.0636
-33.1249 -71.9712 22.7562 10.0000 10.0000 16.6823 4.3924 101.0004 7.0552
-33.1249 -71.8812 25.3674 10.0000 10.0000 18.0223 4.1082 101.2620 6.5743
-33.1249 -71.7912 28.1927 10.0000 10.0000 19.3535 3.8532 101.5236 5.2786
-33.1249 -71.7011 31.2339 10.0000 10.0000 20.6466 3.6274 101.7852 3.5159
-33.1249 -71.6111 34.4943 10.0000 10.0000 21.8578 3.4370 102.0468 1.7562
-33.1249 -71.5211 37.9486 10.0000 10.0000 22.9451 3.2795 102.3083 0.4704
-33.2149 -72.8026 8.0539 10.0000 10.0000 5.7816 9.1804 99.1819 3.5739
-33.2149 -72.7126 8.9636 10.0000 10.0000 6.7669 8.7018 99.4435 3.8569
-33.2149 -72.6225 10.0242 10.0000 10.0000 7.8275 8.2422 99.7051 4.5421
-33.2149 -72.5325 11.2454 10.0000 10.0000 8.9483 7.8005 99.9667 5.4620
-33.2149 -72.4425 12.6358 10.0000 10.0000 10.1164 7.3745 100.2282 6.3732
-33.2149 -72.3525 14.2056 10.0000 10.0000 11.3226 6.9633 100.4898 7.0298
-33.2149 -72.2625 15.9677 10.0000 10.0000 12.5613 6.5672 100.7514 7.2573
-33.2149 -72.1725 17.9190 10.0000 10.0000 13.8292 6.1893 101.0130 7.2353
-33.2149 -72.0825 20.0677 10.0000 10.0000 15.1236 5.8280 101.2746 7.2112
-33.2149 -71.9925 22.4191 10.0000 10.0000 16.4421 5.4891 101.5362 7.1866
-33.2149 -71.9025 24.9824 10.0000 10.0000 17.7766 5.1769 101.7978 6.6824
-33.2149 -71.8125 27.7682 10.0000 10.0000 19.1089 4.8977 102.0594 5.3547
-33.2149 -71.7225 30.7685 10.0000 10.0000 20.4098 4.6508 102.3210 3.5603
-33.2149 -71.6324 33.9786 10.0000 10.0000 21.6425 4.4380 102.5825 1.7752
-33.2149 -71.5424 37.3862 10.0000 10.0000 22.7652 4.2635 102.8441 0.4746
-33.3049 -72.8239 8.0347 10.0000 10.0000 5.7271 10.7319 99.7647 3.6750
-33.3049 -72.7339 8.9276 10.0000 10.0000 6.6931 10.2031 99.9793 3.9704
-33.3049 -72.6439 9.9670 10.0000 10.0000 7.7338 9.7005 100.2409 4.6736
-33.3049 -72.5539 11.1654 10.0000 10.0000 8.8369 9.2235 100.5025 5.6105
-33.3049 -72.4638 12.5374 10.0000 10.0000 9.9888 8.7655 100.7640 6.5370
-33.3049 -72.3738 14.0842 10.0000 10.0000 11.1778 8.3248 101.0256 7.1998
-33.3049 -72.2838 15.8109 10.0000 10.0000 12.3989 7.9021 101.2872 7.4212
-33.3049 -72.1938 17.7239 10.0000 10.0000 13.6499 7.4979 101.5488 7.3848
-33.3049 -72.1038 19.8352 10.0000 10.0000 14.9304 7.1139 101.8104 7.3468
-33.3049 -72.0138 22.1542 10.0000 10.0000 16.2389 6.7541 102.0720 7.3084
-33.3049 -71.9238 24.6808 10.0000 10.0000 17.5662 6.4200 102.3336 6.7836
-33.3049 -71.8338 27.4186 10.0000 10.0000 18.8972 6.1161 102.5952 5.4267
-33.3049 -71.7438 30.3700 10.0000 10.0000 20.2065 5.8448 102.8568 3.6017
-33.3049 -71.6538 33.5368 10.0000 10.0000 21.4576 5.6101 103.1183 1.7938
-33.3049 -71.5638 36.9124 10.0000 10.0000 22.6023 5.4132 103.3799 0.4787
-33.3949 -72.8452 8.0372 10.0000 10.0000 5.7000 12.3477 100.3678 3.7235
-33.3949 -72.7552 8.9205 10.0000 10.0000 6.6525 11.7774 100.5151 4.0313
-33.3949 -72.6652 9.9520 10.0000 10.0000 7.6803 11.2408 100.7767 4.7508
-33.3949 -72.5752 11.1371 10.0000 10.0000 8.7672 10.7330 101.0382 5.7095
-33.3949 -72.4852 12.4848 10.0000 10.0000 9.9016 10.2501 101.2998 6.6511
-33.3949 -72.3951 14.0044 10.0000 10.0000 11.0738 9.7883 101.5614 7.3233
-33.3949 -72.3051 15.7071 10.0000 10.0000 12.2796 9.3481 101.8230 7.5422
-33.3949 -72.2151 17.5983 10.0000 10.0000 13.5171 8.9296 102.0846 7.5004
-33.3949 -72.1251 19.6809 10.0000 10.0000 14.7847 8.5320 102.3462 7.4542
-33.3949 -72.0351 21.9612 10.0000 10.0000 16.0812 8.1570 102.6078 7.4074
-33.3949 -71.9451 24.4456 10.0000 10.0000 17.4006 7.8068 102.8694 6.8680
-33.3949 -71.8551 27.1475 10.0000 10.0000 18.7290 7.4839 103.1310 5.4873
-33.3949 -71.7651 30.0674 10.0000 10.0000 20.0409 7.1930 103.3925 3.6374
-33.3949 -71.6751 33.1987 10.0000 10.0000 21.3012 6.9343 103.6541 1.8092
-33.3949 -71.5851 36.5328 10.0000 10.0000 22.4686 6.7101 103.9157 0.4824
-33.4849 -72.8665 8.0841 10.0000 10.0000 5.7207 13.9903 100.9710 3.6952
-33.4849 -72.7765 8.9551 10.0000 10.0000 6.6514 13.3885 101.1055 4.0266
-33.4849 -72.6865 9.9706 10.0000 10.0000 7.6639 12.8232 101.3125 4.7579
-33.4849 -72.5965 11.1415 10.0000 10.0000 8.7360 12.2887 101.5740 5.7352
-33.4849 -72.5065 12.4781 10.0000 10.0000 9.8570 11.7859 101.8356 6.6945
-33.4849 -72.4165 13.9886 10.0000 10.0000 11.0164 11.3098 102.0972 7.3781
-33.4849 -72.3264 15.6714 10.0000 10.0000 12.2090 10.8591 102.3588 7.6036
-33.4849 -72.2364 17.5337 10.0000 10.0000 13.4332 10.4315 102.6204 7.5666
-33.4849 -72.1464 19.5878 10.0000 10.0000 14.6880 10.0262 102.8820 7.5198
-33.4849 -72.0564 21.8435 10.0000 10.0000 15.9744 9.6441 103.1436 7.4713
-33.4849 -71.9664 24.3064 10.0000 10.0000 17.2860 9.2851 103.4052 6.9250
-33.4849 -71.8764 26.9743 10.0000 10.0000 18.6096 8.9508 103.6668 5.5297
-33.4849 -71.7864 29.8576 10.0000 10.0000 19.9209 8.6411 103.9283 3.6636
-33.4849 -71.6964 32.9494 10.0000 10.0000 21.1905 8.3607 104.1899 1.8209
-33.4849 -71.6064 36.2547 10.0000 10.0000 22.3714 8.1115 104.4515 0.4852
-33.5749 -72.8878 8.1409 10.0000 10.0000 5.7516 15.6348 101.5741 3.6082
-33.5749 -72.7978 9.0124 10.0000 10.0000 6.6803 14.9981 101.7087 3.9530
-33.5749 -72.7078 10.0288 10.0000 10.0000 7.6844 14.4053 101.8482 4.6906
-33.5749 -72.6178 11.2002 10.0000 10.0000 8.7469 13.8501 102.1098 5.6773
-33.5749 -72.5278 12.5275 10.0000 10.0000 9.8556 13.3304 102.3714 6.6521
-33.5749 -72.4378 14.0190 10.0000 10.0000 11.0027 12.8421 102.6330 7.3533
-33.5749 -72.3478 15.6822 10.0000 10.0000 12.1835 12.3821 102.8946 7.5945
-33.5749 -72.2578 17.5338 10.0000 10.0000 13.3973 11.9496 103.1562 7.5674
-33.5749 -72.1677 19.5767 10.0000 10.0000 14.6434 11.5421 103.4178 7.5315
-33.5749 -72.0777 21.8107 10.0000 10.0000 15.9203 11.1569 103.6794 7.4904
-33.5749 -71.9877 24.2410 10.0000 10.0000 17.2236 10.7929 103.9410 6.9472
-33.5749 -71.8977 26.8815 10.0000 10.0000 18.5406 10.4502 104.2025 5.5493
-33.5749 -71.8077 29.7413 10.0000 10.0000 19.8497 10.1301 104.4641 3.6770
-33.5749 -71.7177 32.8114 10.0000 10.0000 21.1192 9.8347 104.7257 1.8274
-33.5749 -71.6277 36.0868 10.0000 10.0000 22.3083 9.5658 104.9873 0.4867
-33.6649 -72.9091 8.2468 10.0000 10.0000 5.8327 17.1836 102.1772 3.4582
-33.6649 -72.8191 9.1148 10.0000 10.0000 6.7479 16.5701 102.3118 3.8143
-33.6649 -72.7291 10.1276 10.0000 10.0000 7.7422 15.9542 102.4463 4.5563
-33.6649 -72.6391 11.2910 10.0000 10.0000 8.7941 15.3792 102.6456 5.5444
-33.6649 -72.5491 12.6100 10.0000 10.0000 9.8924 14.8425 102.9072 6.5268
-33.6649 -72.4591 14.1017 10.0000 10.0000 11.0311 14.3427 103.1688 7.2472
-33.6649 -72.3691 15.7614 10.0000 10.0000 12.2038 13.8753 103.4304 7.5092
-33.6649 -72.2791 17.6048 10.0000 10.0000 13.4088 13.4372 103.6920 7.5038
-33.6649 -72.1891 19.6250 10.0000 10.0000 14.6460 13.0257 103.9536 7.4868
-33.6649 -72.0990 21.8393 10.0000 10.0000 15.9147 12.6384 104.2152 7.4609
-33.6649 -72.0090 24.2621 10.0000 10.0000 17.2112 12.2736 104.4768 6.9297
-33.6649 -71.9190 26.8906 10.0000 10.0000 18.5215 11.9283 104.7383 5.5419
-33.6649 -71.8290 29.7242 10.0000 10.0000 19.8259 11.6018 104.9999 3.6760
-33.6649 -71.7390 32.7693 10.0000 10.0000 21.0932 11.2950 105.2615 1.8279
-33.6649 -71.6490 36.0175 10.0000 10.0000 22.2875 11.0103 105.5231 0.4871
-33.7549 -72.9304 8.3832 10.0000 10.0000 5.9438 18.6498 102.7804 3.2773
-33.7549 -72.8404 9.2429 10.0000 10.0000 6.8433 18.0660 102.9149 3.6346
-33.7549 -72.7504 10.2578 10.0000 10.0000 7.8305 17.4301 103.0495 4.3720
-33.7549 -72.6604 11.4271 10.0000 10.0000 8.8767 16.8399 103.1840 5.3527
-33.7549 -72.5704 12.7519 10.0000 10.0000 9.9683 16.2894 103.4430 6.3376
-33.7549 -72.4804 14.2396 10.0000 10.0000 11.0983 15.7761 103.7046 7.0707
-33.7549 -72.3904 15.8943 10.0000 10.0000 12.2628 15.2976 103.9662 7.3596
-33.7549 -72.3004 17.7227 10.0000 10.0000 13.4602 14.8514 104.2278 7.3814
-33.7549 -72.2104 19.7454 10.0000 10.0000 14.6924 14.4360 104.4894 7.3883
-33.7549 -72.1204 21.9561 10.0000 10.0000 15.9558 14.0464 104.7510 7.3819
-33.7549 -72.0304 24.3654 10.0000 10.0000 17.2452 13.6794 105.0125 6.8727
-33.7549 -71.9403 26.9755 10.0000 10.0000 18.5487 13.3320 105.2741 5.5077
-33.7549 -71.8503 29.7911 10.0000 10.0000 19.8477 13.0022 105.5357 3.6589
-33.7549 -71.7603 32.8270 10.0000 10.0000 21.1090 12.6912 105.7973 1.8216
-33.7549 -71.6703 36.0642 10.0000 10.0000 22.2970 12.3996 106.0589 0.4859
-33.8449 -72.9518 8.5186 10.0000 10.0000 6.0546 20.1141 103.3835 3.0876
-33.8449 -72.8617 9.4063 10.0000 10.0000 6.9690 19.4509 103.5181 3.4384
-33.8449 -72.7717 10.4348 10.0000 10.0000 7.9534 18.8038 103.6526 4.1651
-33.8449 -72.6817 11.6089 10.0000 10.0000 8.9918 18.1987 103.7872 5.1279
-33.8449 -72.5917 12.9337 10.0000 10.0000 10.0753 17.6337 103.9788 6.1053
-33.8449 -72.5017 14.4198 10.0000 10.0000 11.1980 17.1071 104.2404 6.8468
-33.8449 -72.4117 16.0813 10.0000 10.0000 12.3575 16.6181 104.5020 7.1613
-33.8449 -72.3217 17.9178 10.0000 10.0000 13.5507 16.1626 104.7636 7.2136
-33.8449 -72.2317 19.9320 10.0000 10.0000 14.7770 15.7383 105.0252 7.2463
-33.8449 -72.1417 22.1364 10.0000 10.0000 16.0349 15.3420 105.2868 7.2629
-33.8449 -72.0517 24.5356 10.0000 10.0000 17.3189 14.9707 105.5483 6.7817
-33.8449 -71.9617 27.1474 10.0000 10.0000 18.6169 14.6218 105.8099 5.4488
-33.8449 -71.8716 29.9610 10.0000 10.0000 19.9076 14.2914 106.0715 3.6266
-33.8449 -71.7816 32.9806 10.0000 10.0000 21.1628 13.9786 106.3331 1.8091
-33.8449 -71.6916 36.2003 10.0000 10.0000 22.3485 13.6843 106.5947 0.4832
-33.9349 -72.9731 8.6995 10.0000 10.0000 6.2040 21.3883 103.9866 2.9023
-33.9349 -72.8831 9.6063 10.0000 10.0000 7.1214 20.6974 104.1212 3.2449
-33.9349 -72.7930 10.6422 10.0000 10.0000 8.0999 20.0438 104.2557 3.9533
-33.9349 -72.7030 11.8239 10.0000 10.0000 9.1324 19.4299 104.3903 4.8934
-33.9349 -72.6130 13.1614 10.0000 10.0000 10.2110 18.8558 104.5249 5.8555
-33.9349 -72.5230 14.6582 10.0000 10.0000 11.3282 18.3186 104.7762 6.5993
-33.9349 -72.4330 16.3202 10.0000 10.0000 12.4811 17.8168 105.0378 6.9346
-33.9349 -72.3430 18.1584 10.0000 10.0000 13.6689 17.3487 105.2994 7.0157
-33.9349 -72.2530 20.1745 10.0000 10.0000 14.8910 16.9136 105.5610 7.0743
-33.9349 -72.1630 22.3891 10.0000 10.0000 16.1461 16.5093 105.8225 7.1156
-33.9349 -72.0730 24.7892 10.0000 10.0000 17.4257 16.1320 106.0841 6.6643
-33.9349 -71.9830 27.3924 10.0000 10.0000 18.7179 15.7782 106.3457 5.3696
-33.9349 -71.8930 30.2028 10.0000 10.0000 20.0012 15.4457 106.6073 3.5828
-33.9349 -71.8030 33.2163 10.0000 10.0000 21.2496 15.1329 106.8689 1.7913
-33.9349 -71.7129 36.4381 10.0000 10.0000 22.4228 14.8407 107.1305 0.4793
-34.0249 -73.0261 8.6152 10.0000 10.0000 6.0707 22.7207 104.5423 2.6923
-34.0249 -72.9361 9.4906 10.0000 10.0000 6.9627 22.0296 104.6768 3.0221
-34.0249 -72.8461 10.4959 10.0000 10.0000 7.9179 21.3682 104.8114 3.7040
-34.0249 -72.7561 11.6423 10.0000 10.0000 8.9286 20.7404 104.9460 4.6161
-34.0249 -72.6661 12.9402 10.0000 10.0000 9.9862 20.1479 105.0805 5.5572
-34.0249 -72.5761 14.3922 10.0000 10.0000 11.0840 19.5898 105.2197 6.2998
-34.0249 -72.4861 15.9982 10.0000 10.0000 12.2183 19.0659 105.4813 6.6578
-34.0249 -72.3961 17.7810 10.0000 10.0000 13.3889 18.5754 105.7429 6.7707
-34.0249 -72.3061 19.7433 10.0000 10.0000 14.5957 18.1187 106.0045 6.8612
-34.0249 -72.2161 21.8942 10.0000 10.0000 15.8364 17.6935 106.2660 6.9315
-34.0249 -72.1260 24.2269 10.0000 10.0000 17.1042 17.2979 106.5276 6.5171
-34.0249 -72.0360 26.7638 10.0000 10.0000 18.3890 16.9287 106.7892 5.2688
-34.0249 -71.9460 29.5023 10.0000 10.0000 19.6720 16.5843 107.0508 3.5266
-34.0249 -71.8560 32.4474 10.0000 10.0000 20.9280 16.2635 107.3124 1.7681
-34.0249 -71.7660 35.5923 10.0000 10.0000 22.1252 15.9646 107.5740 0.4744
-34.1149 -73.0862 8.5043 10.0000 10.0000 5.9019 23.9323 105.0875 2.5171
-34.1149 -72.9961 9.3398 10.0000 10.0000 6.7620 23.2532 105.2221 2.8234
-34.1149 -72.9061 10.3079 10.0000 10.0000 7.6903 22.5955 105.3567 3.4738
-34.1149 -72.8161 11.4127 10.0000 10.0000 8.6750 21.9627 105.4912 4.3488
-34.1149 -72.7261 12.6547 10.0000 10.0000 9.7069 21.3569 105.6258 5.2622
-34.1149 -72.6361 14.0510 10.0000 10.0000 10.7813 20.7829 105.7604 5.9942
-34.1149 -72.5461 15.6053 10.0000 10.0000 11.8942 20.2403 105.9046 6.3660
-34.1149 -72.4561 17.3250 10.0000 10.0000 13.0449 19.7298 106.1662 6.5066
-34.1149 -72.3661 19.2256 10.0000 10.0000 14.2332 19.2517 106.4278 6.6247
-34.1149 -72.2761 21.2978 10.0000 10.0000 15.4556 18.8040 106.6893 6.7223
-34.1149 -72.1861 23.5609 10.0000 10.0000 16.7091 18.3861 106.9509 6.3463
-34.1149 -72.0961 26.0163 10.0000 10.0000 17.9841 17.9968 107.2125 5.1495
-34.1149 -72.0061 28.6768 10.0000 10.0000 19.2653 17.6358 107.4741 3.4582
-34.1149 -71.9160 31.5425 10.0000 10.0000 20.5281 17.3014 107.7357 1.7390
-34.1149 -71.8260 34.6064 10.0000 10.0000 21.7436 16.9921 107.9973 0.4679
-34.2050 -73.1462 8.4084 10.0000 10.0000 5.7551 24.9461 105.6328 2.3424
-34.2050 -73.0562 9.2218 10.0000 10.0000 6.5905 24.3067 105.7674 2.6212
-34.2050 -72.9662 10.1571 10.0000 10.0000 7.4917 23.6698 105.9019 3.2242
-34.2050 -72.8762 11.2194 10.0000 10.0000 8.4489 23.0445 106.0365 4.0452
-34.2050 -72.7861 12.4203 10.0000 10.0000 9.4558 22.4394 106.1711 4.9055
-34.2050 -72.6961 13.7672 10.0000 10.0000 10.5063 21.8586 106.3056 5.6074
-34.2050 -72.6061 15.2679 10.0000 10.0000 11.5977 21.3049 106.4402 5.9753
-34.2050 -72.5161 16.9370 10.0000 10.0000 12.7283 20.7816 106.5895 6.1283
-34.2050 -72.4261 18.7697 10.0000 10.0000 13.8959 20.2867 106.8510 6.2623
-34.2050 -72.3361 20.7784 10.0000 10.0000 15.1000 19.8210 107.1126 6.3785
-34.2050 -72.2461 22.9702 10.0000 10.0000 16.3373 19.3841 107.3742 6.0427
-34.2050 -72.1561 25.3533 10.0000 10.0000 17.6012 18.9764 107.6358 4.9198
-34.2050 -72.0661 27.9410 10.0000 10.0000 18.8770 18.5973 107.8974 3.3146
-34.2050 -71.9761 30.7251 10.0000 10.0000 20.1439 18.2455 108.1590 1.6716
-34.2050 -71.8861 33.7075 10.0000 10.0000 21.3758 17.9208 108.4206 0.4510
-34.2950 -73.2062 8.3399 10.0000 10.0000 5.6357 25.7734 106.1781 1.7871
-34.2950 -73.1162 9.1316 10.0000 10.0000 6.4458 25.1911 106.3126 1.9929
-34.2950 -73.0262 10.0343 10.0000 10.0000 7.3187 24.5913 106.4472 2.4409
-34.2950 -72.9362 11.0639 10.0000 10.0000 8.2496 23.9915 106.5818 3.0587
-34.2950 -72.8462 12.2225 10.0000 10.0000 9.2305 23.3975 106.7163 3.7095
-34.2950 -72.7562 13.5311 10.0000 10.0000 10.2585 22.8215 106.8509 4.2435
-34.2950 -72.6661 14.9866 10.0000 10.0000 11.3280 22.2657 106.9854 4.5284
-34.2950 -72.5761 16.5993 10.0000 10.0000 12.4367 21.7352 107.1200 4.6517
-34.2950 -72.4861 18.3745 10.0000 10.0000 13.5837 21.2311 107.2743 4.7639
-34.2950 -72.3961 20.3201 10.0000 10.0000 14.7683 20.7539 107.5359 4.8637
-34.2950 -72.3061 22.4530 10.0000 10.0000 15.9897 20.3049 107.7975 4.6203
-34.2950 -72.2161 24.7704 10.0000 10.0000 17.2402 19.8825 108.0591 3.7721
-34.2950 -72.1261 27.2832 10.0000 10.0000 18.5077 19.4869 108.3207 2.5482
-34.2950 -72.0361 29.9899 10.0000 10.0000 19.7747 19.1179 108.5823 1.2883
-34.2950 -71.9461 32.8940 10.0000 10.0000 21.0179 18.7760 108.8439 0.3485
-34.3850 -73.2478 8.4358 10.0000 10.0000 5.6926 26.3348 106.7508 0.9933
-34.3850 -73.1578 9.2267 10.0000 10.0000 6.4908 25.8148 106.8854 1.1031
-34.3850 -73.0678 10.1361 10.0000 10.0000 7.3528 25.2700 107.0200 1.3440
-34.3850 -72.9778 11.1614 10.0000 10.0000 8.2688 24.7054 107.1545 1.6756
-34.3850 -72.8878 12.3158 10.0000 10.0000 9.2349 24.1372 107.2891 2.0266
-34.3850 -72.7978 13.6074 10.0000 10.0000 10.2463 23.5756 107.4236 2.3128
-34.3850 -72.7078 15.0509 10.0000 10.0000 11.3017 23.0293 107.5582 2.4665
-34.3850 -72.6178 16.6493 10.0000 10.0000 12.3975 22.5036 107.6928 2.5332
-34.3850 -72.5278 18.4133 10.0000 10.0000 13.5331 22.0026 107.8273 2.5941
-34.3850 -72.4377 20.3393 10.0000 10.0000 14.7065 21.5249 108.0127 2.6499
-34.3850 -72.3477 22.4401 10.0000 10.0000 15.9160 21.0721 108.2743 2.5193
-34.3850 -72.2577 24.7354 10.0000 10.0000 17.1571 20.6456 108.5359 2.0591
-34.3850 -72.1677 27.2225 10.0000 10.0000 18.4168 20.2435 108.7975 1.3930
-34.3850 -72.0777 29.8948 10.0000 10.0000 19.6794 19.8655 109.0591 0.7053
-34.3850 -71.9877 32.7746 10.0000 10.0000 20.9187 19.5137 109.3206 0.1911
-34.4750 -73.2846 8.5828 10.0000 10.0000 5.8062 26.7692 107.3308 0.2872
-34.4750 -73.1946 9.3834 10.0000 10.0000 6.5973 26.3223 107.4654 0.3177
-34.4750 -73.1046 10.2950 10.0000 10.0000 7.4482 25.8317 107.6000 0.3852
-34.4750 -73.0146 11.3274 10.0000 10.0000 8.3541 25.3111 107.7345 0.4776
-34.4750 -72.9246 12.4959 10.0000 10.0000 9.3097 24.7806 107.8691 0.5749
-34.4750 -72.8346 13.7848 10.0000 10.0000 10.3088 24.2395 108.0036 0.6535
-34.4750 -72.7446 15.2273 10.0000 10.0000 11.3515 23.7097 108.1382 0.6953
-34.4750 -72.6546 16.8183 10.0000 10.0000 12.4358 23.1926 108.2728 0.7129
-34.4750 -72.5645 18.5782 10.0000 10.0000 13.5622 22.6971 108.4073 0.7293
-34.4750 -72.4745 20.5020 10.0000 10.0000 14.7274 22.2233 108.5419 0.7446
-34.4750 -72.3845 22.5890 10.0000 10.0000 15.9281 21.7709 108.7651 0.7075
-34.4750 -72.2945 24.8686 10.0000 10.0000 17.1600 21.3432 109.0267 0.5782
-34.4750 -72.2045 27.3343 10.0000 10.0000 18.4123 20.9376 109.2883 0.3913
-34.4750 -72.1145 29.9987 10.0000 10.0000 19.6676 20.5552 109.5499 0.1982
-34.4750 -72.0245 32.8573 10.0000 10.0000 20.9032 20.1958 109.8115 0.0538
-34.5650 -73.3214 8.7456 10.0000 10.0000 5.9364 27.1541 107.9108 0.0394
-34.5650 -73.2314 9.5602 10.0000 10.0000 6.7229 26.7776 108.0454 0.0407
-34.5650 -73.1414 10.4770 10.0000 10.0000 7.5637 26.3467 108.1800 0.0420
-34.5650 -73.0514 11.5163 10.0000 10.0000 8.4576 25.8801 108.3145 0.0432
-34.5650 -72.9614 12.6869 10.0000 10.0000 9.4015 25.3851 108.4491 0.0444
-34.5650 -72.8714 13.9846 10.0000 10.0000 10.3895 24.8736 108.5836 0.0455
-34.5650 -72.7813 15.4340 10.0000 10.0000 11.4215 24.3638 108.7182 0.0466
-34.5650 -72.6913 17.0229 10.0000 10.0000 12.4946 23.8579 108.8528 0.0477
-34.5650 -72.6013 18.7668 10.0000 10.0000 13.6090 23.3662 108.9873 0.0486
-34.5650 -72.5113 20.6876 10.0000 10.0000 14.7660 22.8950 109.1219 0.0496
-34.5650 -72.4213 22.7794 10.0000 10.0000 15.9593 22.4444 109.2565 0.0504
-34.5650 -72.3313 25.0436 10.0000 10.0000 17.1826 22.0146 109.5175 0.0512
-34.5650 -72.2413 27.5027 10.0000 10.0000 18.4251 21.6061 109.7791 0.0520
-34.5650 -72.1513 30.1454 10.0000 10.0000 19.6723 21.2177 110.0407 0.0527
-34.5650 -72.0613 32.9909 10.0000 10.0000 20.9004 20.8511 110.3023 0.0533